id,committer,creationDate
8dadb818c53ef56ae4ebc909fa105bac35e38a86,Unknown,2010-04-29
c613169ec5ab91b8283550398372cc9ae28b1649,Unknown,2010-04-29
e257f3e1053fd7e293c3105578bbb5de4d85b282,Unknown,2010-04-29
3b807e3b8509b458c8b83a72cfff9eaf7fc1a949,Unknown,2010-04-29
32ebe637f95d8a486b6fc48e82526f7d7834c7af,Unknown,2010-05-06
9bf4b8f10f191c5966b0edf39d5c50311f44e593,Unknown,2010-05-10
097c2fd30866533851d914908f559cdf0f7177e4,Unknown,2010-05-13
fd3cf4cc90dab0decdb8285bb41d2340c3718b79,Unknown,2010-05-13
03538f7e00d9d466fc983cc7a481ae064fa74baa,Unknown,2010-05-14
df31439086b5669341af3f7f3874c981a6fb5ab1,Unknown,2010-05-14
be8af5066b7fa41f30c9529363500cc13d6f9496,Unknown,2010-05-17
9c87e852dd949a83ea512ab22d97d377f0cced19,Unknown,2010-05-19
69ca202df7506f59da004aa2b93a81ac78bd059c,Unknown,2010-05-19
6b63aea1c3eb836dbc1bb08ede15f4cea3ac3f28,Unknown,2010-05-19
c55949d797be074eb2b8077e56106f3c8d5168ea,Unknown,2010-05-19
e4e6d080e11975cd91ec3db5a6f95b9a2d6f6270,Unknown,2010-05-25
88a3e778c5731d1282e113e1f31e74ae7b4076b3,Unknown,2010-05-27
f8a1775d8cd84729ea7feb264730411e518f80fd,Unknown,2010-05-28
1c62c889ea3c7784650cc40c528f660b72a2d9dd,Unknown,2010-06-01
a9eb6ebec82cbdd089543ea86cb0f42c3031109f,Unknown,2010-06-04
a86bb796ecf5cb0c27e602c74f04d46c8d28b08a,Unknown,2010-06-04
9762d53520390f3a4be3655f4e2d25ef273ee126,Unknown,2010-06-05
3fcbd827d6640dd515fc1bfea817f781236bd309,Unknown,2010-06-08
fe144427c736230e9bbf2599c480e8554aa90bff,Unknown,2010-06-08
c15afde95a35430ff5d3e9b6569d886bc8ad5f9c,Unknown,2010-06-08
0ad349902be621db3208c7f6736898cc9a75dc10,Unknown,2010-06-09
751bde587493d5cee848dcbd2824a883a713bb44,Unknown,2010-06-09
a4435c845e272ea101b39501624b3130403dafb2,Unknown,2010-06-09
298bd2fb2b99296b143c26313a1bcf7551ba3f05,Unknown,2010-06-09
3843ab5d8a47012a8e469c710861dda88da65b59,Unknown,2010-06-10
7b3396190cbbd281b034520c5023f491465e1036,Unknown,2010-06-10
690631f9ac1ffaf1ded06c84dd75113baf00d403,Unknown,2010-06-10
03a56e53cfb40bbef8408a90753beb8bc55a8989,Unknown,2010-06-10
46537ce373705b5e75ae9efb9848053240718d13,Unknown,2010-06-10
ff40b4e545f124084e637ab80be9b693b93accfe,Unknown,2010-06-10
00514c37f6da328223d8e3cd18d3fe68da0aa8fc,Unknown,2010-06-10
917088ff3aaa82a77115383b2dfc419b0d65172c,Unknown,2010-06-11
af5a516c19fd4e7e56ebed0f7edf322c848a114d,Unknown,2010-06-11
05a465935cffdec9fee9fcff0d5df5f8a1c848f2,Unknown,2010-06-11
b1480e11e25ac72cb4a6383d038aedae23f7d207,Unknown,2010-06-12
ecad324b61ad15d98198fe61c55eeef3e9a0a7d1,Unknown,2010-06-14
65af3482832adb9f4c1073797585327596e1694f,Unknown,2010-06-14
c856cedf20d146459535890094114244748b1d7f,Unknown,2010-06-15
503882dc8760ee2fe1b58402170b394123fea4fe,Unknown,2010-06-16
9168c6b90b289ac77552c503fe55bec9cc29a186,Unknown,2010-06-16
6f067b74108a376bdd60f504f5212a58d103c68e,Unknown,2010-06-16
aa5f89a3b9e02db8f5bcb75c924923e790ed7f48,Unknown,2010-06-16
11865b2b43e0e8255f2221cccc5551078967ebe0,Unknown,2010-06-16
52bab7f5dc19530803e4986551a7d1351b313baf,Unknown,2010-06-16
1f596054737c8924d822bc32cf814946453d4183,Unknown,2010-06-16
bd650b5ed74324ecdeeeb737d6322638d77ea9b8,Unknown,2010-06-17
145bc1fc4b291336177783cead4adfd0be10a993,Unknown,2010-06-18
d6eda7330b39036981ac3121d8601b0b4c6b2bab,Unknown,2010-06-18
4967da6ced6d1b69ee28bacccd115bda88ee44c2,Unknown,2010-06-18
760c1cb2c3d60c1e78b2d905cf0a8755df4d785f,Unknown,2010-06-18
b1a8314db0e543546b714dda9695f04984e95b3f,Unknown,2010-06-18
6c0e323f3a744bb969f9f59ff1b5c744c5169031,Unknown,2010-06-18
29aa75d3a70f4b4a07cc033c2595c2b5dd654e6f,Unknown,2010-06-18
3eec319e6674446da48c38fbed77419aa1f375ae,Unknown,2010-06-19
14370817a795ab98e3d57b38f9428e5ef0d82e4e,Unknown,2010-06-20
8553f762b8957cd591f34055df3749058a0ded3d,Unknown,2010-06-21
3cee11fed57f5dc4a720bc22285650d107011d73,Unknown,2010-06-21
6f5f02b49f7e6cd07f25af654464292a73bbe0bf,Unknown,2010-06-21
39331db690c91b713d10b58a811835851d2af368,Unknown,2010-06-21
2604eb7df30bdd73492f9540c14a281b2cc185f1,Unknown,2010-06-21
76808ef0adfd521da83a8837b977f7816afc96e2,Unknown,2010-06-22
d022749c41de90dd5805259235da37f4556bf7d8,Unknown,2010-06-22
f4eb1bfb26b8f48c6c769629e3dc96cdca07d7db,Unknown,2010-06-22
89bd49df0de96f5e53dd2fdbcbb2bb6bc22b2215,Unknown,2010-06-22
6a90dbae175ce6c5614e8e7d029e9900692cdc02,Unknown,2010-06-23
54c4706646e1b8e4dede84787f250f97d5323642,Unknown,2010-06-23
b7c9de72d1099a09bf8d6fd62c333f7b72bff162,Unknown,2010-06-24
165d0cde0acdac435bd5af75a2a0ee1f5b3d9b5f,Unknown,2010-06-24
e1583859ca50a33f63b28c24187aafd2b651015d,Unknown,2010-06-24
2ad3392a18ef1fce426cc6869b22bc93f99bcb28,Unknown,2010-06-25
52812bbb1f6c9df07b12bf31837df045cce00239,Unknown,2010-06-25
bc66c49ac4aa3b6b7ff22b2f9692afbc144e77ee,Unknown,2010-06-25
1eac50f46309083f6bb19fc401ebe6033deccefe,Unknown,2010-06-25
9386dc0e1421b46c08278a3fb427365e41729ac5,Unknown,2010-06-25
853b0d5c9b3839e4698af61f3e70a9c6a48f2148,Unknown,2010-06-25
6a37b41cfd1ce1fa13e1946cd27dce4166b68520,Unknown,2010-06-28
03ee55745dc51d698b529d5e8afc93861ae6fbc8,Unknown,2010-06-28
1e523ce98846ae2bec6d2463982de544f160b8fe,Unknown,2010-06-28
5a7b8e22987e28d3c7a04638e497971bd50651d9,Unknown,2010-06-28
6d04ce401afd1c556f8b3406ea4bc2add0bd80ab,Unknown,2010-06-30
2f620af7b72a80c96f6729c86541689e602d1418,Unknown,2010-06-30
54802b9269a0fe00c2b738d9c27e80d9e8f13f47,Unknown,2010-06-30
9aa86f53ac6ace1dd0b83ce34d8cad4a37ea8918,Unknown,2010-06-30
40a52770858f866f3c3cb631fd1c75f09f9ff19d,Unknown,2010-07-01
889e51d2481261a420d52259b89d6cb56a490aff,Unknown,2010-07-01
4efcf31894f9347fcbf0b112b60da1e71e8752e0,Unknown,2010-07-02
4430f914207a1c248127062a9bd62db92b4caacf,Unknown,2010-07-02
5ec815bb145306f0852c4eee33b0b68e074cafe7,Unknown,2010-07-05
6ba3d24a7d06c5e19c1c37ab1d0aebe1e828e90b,Unknown,2010-07-06
2f8eed4a0909113109cbe74180d5ea5979010fad,Unknown,2010-07-07
18aaa15d03d6c93279a70c1bc9e352d8c01449a8,Unknown,2010-07-08
9ba870c5d69b74fad40eac62ec84283563bf5c48,Unknown,2010-07-08
0455468053b71224c276978cb585647f95d71275,Unknown,2010-07-08
11d8fbc5f7af85fc8c136392f07f4e5a8be3f1d2,Unknown,2010-07-09
bb7dbc88664f2a2df4825a0144d599de4d2ab2f0,Unknown,2010-07-09
3f5af720e6fa63313f76f81b8ece6ec07a94365a,Unknown,2010-07-09
f5c9b7c85abcfd086b5796bcb00a2813b3aeb38d,Unknown,2010-07-10
db15969dd3858d6cd206a94fa8d44e03a93a7b12,Unknown,2010-07-10
a9c0be23cfd4bac00ae93ab0e76c01ae2eb9a6db,Unknown,2010-07-10
5ebf611f10e09701f65fb82fa0d3ec580b97c1c5,Unknown,2010-07-12
80572c04ced77506c7cc751a4a2b368251beef9b,Unknown,2010-07-13
425784ae4fef3b9e863c760eb4e2e74191a3fd60,Unknown,2010-07-13
1f4c6168f1570657638f4cf1812ca965dec50c8a,Unknown,2010-07-13
f58943556bcd1273aaab69b07e92f502d45573fa,Unknown,2010-07-14
04e36d9190a5b1054199a5dc283b64265aac670d,Unknown,2010-07-14
8870a1fac6527cbabf0ceaf1ae9f84504c317917,Unknown,2010-07-15
eb780233fed24cad1e02556ddf53ae2557328112,Unknown,2010-07-15
a2c062832858216df2e8fe1339985d06acaf767a,Unknown,2010-07-15
76d08928a3b70cc2342d7dfb1682891068fd6937,Unknown,2010-07-15
57fe282ad56b088cd08fcdd796be42e992c20df3,Unknown,2010-07-15
96f59b765acf350fce7029efe2e84e65a8d6e5cb,Unknown,2010-07-16
7efed68ec2ff4bc9eb1fa4f37a4e214d971d83f3,Unknown,2010-07-16
67f7eac67b2822309741942cb58e9b48994c41b5,Unknown,2010-07-16
0abf29cead9c47558643e7e89e0b2016b429ff2a,Unknown,2010-07-17
5f1a377f5b0d772db335fda37914623d8c2db0a8,Unknown,2010-07-18
36e51232a9a31ddc1f804f76e60fa05dec85a703,Unknown,2010-07-19
b45a7fecf82fd636b0f3ed81da33a64404fe52fc,Unknown,2010-07-19
b0a76473bf776f9b144dbff656eb46632356d322,Unknown,2010-07-19
14f9577a312631f64f8f17553aa0580dfe6e6acf,Unknown,2010-07-19
45fa15309968d0d30bde74e41d0d2de5cb96d0f2,Unknown,2010-07-20
b2143576dfb8873d3d70a6c090029afd74928036,Unknown,2010-07-20
026c0f3834336a5e25ca53ad09081b6f78ccd620,Unknown,2010-07-20
103fa88fa2df543fcf2037a1e2c3cdd4c5468a4c,Unknown,2010-07-20
006fb5b673b26a47f91308b465abd34ce83a8eee,Unknown,2010-07-21
a87430ff351cbaefdd20ec0afaff1a8c908b505d,Unknown,2010-07-22
e40bbf92279577335785f0c4193994b87187a9ba,Unknown,2010-07-22
0a6f0f0b2b696c0cab9b0c06f109bf725ae71ae8,Unknown,2010-07-22
6276b9b38ec847831d3dd658371d053d7e80f8e6,Unknown,2010-07-22
cb27caf27e2487d35c811b946c3da087b95eac7b,Unknown,2010-07-23
03dcf3146135ecc48d220dce79fb05385a9faa25,Unknown,2010-07-23
1c7cb03c748fd170996e1ec8521d90ded95708b8,Unknown,2010-07-23
3cb97dcc81748b97c4f818b7653ea41f2d74f2c3,Unknown,2010-07-23
21fd4e316f2a6d2e2f834be5a8b8ada62127704c,Unknown,2010-07-26
fdc9d89b549097bad21b25886af88f7c09269931,Unknown,2010-07-26
c2d2be66e63ab59f5f57b1a6dd7cb7f4720ce0e9,Unknown,2010-07-27
eaeabc98360f54e6ffddcd9cb3fe10335ae89e62,Unknown,2010-07-29
667f138bd17d7731f3c189dde55eba8dd1fcb6cc,Unknown,2010-07-30
f1ef3467d4f8721251fd216e3508e6d3f265b4aa,Unknown,2010-07-30
8a73dae9259032f62d25203c58cba445515fcf58,Unknown,2010-07-30
48ef39783f3c3cadbdb5247807d89a5153908791,Unknown,2010-08-04
d7decbce78dd169b69ced306572f96a5b403df2f,Unknown,2010-08-04
12f75f39e2b6f626ec230893e9960f3f76414e2e,Unknown,2010-08-04
530e431fab812ce0adc46162d42f0ec80411c6a7,Unknown,2010-08-04
34b611c4bc7b815e26047253f5c77cf8fd0716b8,Unknown,2010-08-04
f2875c16fd9c7e76f4d72c9bb9daae9608d43be8,Unknown,2010-08-05
a1a96c6b2d15625f7973fd3fb9c7def8a34abfb5,Unknown,2010-08-05
b4c49fba9c79b08e9225a767c879dd6964d93064,Unknown,2010-08-06
795da012c8a5de25cf7c2eecfc279f4e04b06d1e,Unknown,2010-08-06
fed0eb84c45896f1e7f1aad8efaa93582b8fbd96,Unknown,2010-08-07
1e6cb001b80337a7d5badeb02f8ef9e1c195087b,Unknown,2010-08-13
ddb45963f72094ad7f51a2e93a32be0fbc809546,Unknown,2010-08-17
5587af43b504c896543657a2ee4f132bdfd7693b,Unknown,2010-08-17
a3a3c0faf6b776a3de66dd90834f152347741ddf,Unknown,2010-08-18
d9fbcaa7c46ea5f096a8bbc022729df2afecd5c6,Unknown,2010-08-18
e982a27a7f5cd6a8c264a37ba4fbe9ee293cab1c,Unknown,2010-08-19
2bd5980187d8dae1049454ae5a4cff31ed98e747,Unknown,2010-08-19
b8a7602cb12122e0f6825e14e4d9863df768b867,Unknown,2010-08-19
974f84ae2f776ca90c57657fb696319a6e546ec4,Unknown,2010-08-20
d0680f35e5a029745327e7bc981adb736a682086,Unknown,2010-08-20
356790b61f505df7c35cef5bd7311a18f3803fd9,Unknown,2010-08-20
b91c7452356693ccf596d2c9eb681edf74fc58e5,Unknown,2010-08-20
bfa67a9ddac3fb8a4a8398c110be0e36b5daca52,Unknown,2010-08-20
9e2378cee5d5ad1d1c200ed6d5de9f6d3557cc37,Unknown,2010-08-20
ba34ea9724198f3054c9ad175bbac50a225be73f,Unknown,2010-08-25
13279da7c480afbb5490238c406bb81ebce06cce,Unknown,2010-08-26
f1faad82490ceaedebef60aca7a73b8284af8c9d,Unknown,2010-08-30
253e93923cc926be75edf8082b6aaae9fdb6eb50,Unknown,2010-08-30
7697a8199c99a5e23fe4a43bc05f2fc3412f42b7,Unknown,2010-08-30
7ae7c343cd87acca375d9128128954eb4e34c6d1,Unknown,2010-08-30
ab7dd53e542c8538649b2d94f074257e1610b3e3,Unknown,2010-08-30
5df4e15b391798a26198680165127c000d6e5ffc,Unknown,2010-08-31
cef8e27eff769ea8525cd71e8ddcc236901703e0,Unknown,2010-08-31
11804ed53f253f7f61f2b5f7939c9047ce3ac889,Unknown,2010-09-01
a873497dce65f3b1cb4310473ba47beac473790e,Unknown,2010-09-02
fea0306483d2480d085a7e1feb91ca4a70ece75c,Unknown,2010-09-02
b27bce321519be1288669c3e6cf23c54806bf97b,Unknown,2010-09-02
b30d70b4a95ee17a28224cb6280a68dc48d12ada,Unknown,2010-09-02
1d5aa614158d30d0bafea7f04e9d61942e506247,Unknown,2010-09-02
d3cd347968d6cb2e43bf8775c44d060d41c7951c,Unknown,2010-09-02
0c7ea118c9bef89d6bd9820f94c0b0e100522701,Unknown,2010-09-03
0f606a6dff8fe5ab2922e3e4b1b5ce8e1f21cb17,Unknown,2010-09-03
b21bf3e456f1727f576b93b4e81e871c6c6e39c6,Unknown,2010-09-03
c1c79bebdb0aa586b2f4530c03d86cda06356a54,Unknown,2010-09-03
893b08749670cb99e4c6dc026c6b67595d811099,Unknown,2010-09-03
144dd71cb42681586dc3ec9c13858e7b6b506798,Unknown,2010-09-06
8bdd9e49189c36d2099009ba954c1f6a53069fc1,Unknown,2010-09-06
a68490d8ca613a37408ef5f2df3335af7316a528,Unknown,2010-09-07
938edd5c45830bf307176291bcc1f03ce4e406d8,Unknown,2010-09-07
f5a434bc74450644f0d6866cb30c95afed7bcd94,Unknown,2010-09-09
e0e1dd116337fbe656abcf8fff76da43b331051e,Unknown,2010-09-10
dabdc3afca66f2a4c93fef02027a3ca72204c09c,Unknown,2010-09-10
fdbf7c5f393003b166d5778d6121b6b26b3d3af3,Unknown,2010-09-10
9ebaf55ebd67e987e35dfd35f818b8b883738c40,Unknown,2010-09-10
75a4a2e35be7b26d612c0fdca83837af020f537e,Unknown,2010-09-14
13f2f8764ab10e77b18eb463c5d35b9d9048f0b6,Unknown,2010-09-14
77730677654dbaa35442ca0d23d7abd2f0a2929d,Unknown,2010-09-14
44668bb84c002119d024bced2c060950c13e0ae1,Unknown,2010-09-14
f5edb0f04345b50a48e7ff78b25a0b2c41bfe6f9,Unknown,2010-09-14
dad8de7469dac6fc2198d38ee59973cafbed572f,Unknown,2010-09-14
c6bfb8795bfe3881c608553d639ab40c8d5cf379,Unknown,2010-09-14
ca19b416fe9d27307abc187361dccbf2057f6d8d,Unknown,2010-09-14
2f692a8ef33143d3efd4f96a31cf9effc5caeafa,Unknown,2010-09-14
45a1762305a67083d816aaadfd95ebc0221b0d24,Unknown,2010-09-14
4c840674ee132388de43b1e10c03fb83312fbd25,Unknown,2010-09-14
9962e9260d995f46ff2d51bf42f5754a0702b258,Unknown,2010-09-14
c158987ffcaa45a8b32f7cbbc6dfeffea230b1b4,Unknown,2010-09-15
c944edc63fa6ed86cd9c29910ee881a6808d5fce,Unknown,2010-09-15
625d6c8cc56eee382d2447b73499f56c56c96582,Unknown,2010-09-15
d4f0b3360a10c95fdbe4b41c9086b65da7ecc598,Unknown,2010-09-16
2729fa2626fffdd2fa7d88c1a0f3a96dec8c220a,Unknown,2010-09-16
4c285a7b57b1fe6b910a68886c33a3246108247d,Unknown,2010-09-16
d4922e5670d2b243362163687c5277077c789ebf,Unknown,2010-09-20
656f486fe0715e76c3167218603e18c25720b12c,Unknown,2010-09-21
523f1496368516e9e026115719e44edeb8b74482,Unknown,2010-09-23
5348e10ef02b939f437a5625083ed9fb432bd510,Unknown,2010-09-23
2d85c31a2aa31c0659484a6038fc393540b37be2,Unknown,2010-09-24
ebd46be016b551802bac52ef34d38e7f9e302bb2,Unknown,2010-09-27
d6c3d83d3970be55f9fd959e7dae3ab43b7ee740,Unknown,2010-09-28
ef9b4d4c592bcad24db55ac92567be65d36b9e60,Unknown,2010-09-28
df35381a8f49d76e05484f4dfc897849c42e3db9,Unknown,2010-10-01
bc424fa38bbad819ebf881f5450f7ddfeb0091da,Unknown,2010-10-05
5e1b7647150dcc94739dae4d538a450278d332a8,Unknown,2010-10-06
d0af546a0db15028900d9684a76051a410204544,Unknown,2010-10-07
fc3c6f846672cae1f006e92d986aada7b370a8d2,Unknown,2010-10-07
487990f3ef2aa94ab68316617df549517ecba6ce,Unknown,2010-10-07
f1a1387d7b76d097f16da9ab7e6cdcf1ce50d9c3,Unknown,2010-10-08
79b7963ba0f91a59a3735b66d343a871c37b6c99,Unknown,2010-10-11
515d1ab4435aaf9682430ac38de84f10d2b7bb86,Unknown,2010-10-11
ac44544bd4069ac06190abbcea45568d3d5cd22d,Unknown,2010-10-11
62e9aebe8962ba2e0ec5521a2ad47422c10eb883,Unknown,2010-10-12
6a977d1307e711f876fc1e42c51a636c5bb866fe,Unknown,2010-10-13
e0aacc4f222fee6e1f914fe119f1552a31cd6358,Unknown,2010-10-14
5ef6eb962fa692689425b0c8b99aba9ced83ca5c,Unknown,2010-10-14
2b5cf67f456258ed38b1777c60583b0577f6e444,Unknown,2010-10-15
d2b97b3c80838d416350e8e7debeb9f70a00315a,Unknown,2010-10-15
14c4c33db6a15574b5228afb6a528799bcb0b4ac,Unknown,2010-10-18
d57577ff9d0ec4d74f81f4652e159d93ae5ef49d,Unknown,2010-10-19
0b115915cca3a3df9d1f4faf90fa3aa1c504c979,Unknown,2010-10-19
3434b4cc5e3d2f4ccfd45aae8245607cde38a411,Unknown,2010-10-20
2a14650454d5e4fd82dec3ef30edac497e627e18,Unknown,2010-10-20
35fd8553af76a35209be7bcc04ebd94cf2d55a5b,Unknown,2010-10-20
16a4a5239eee9d9f375e7a9219170cafd88cc007,Unknown,2010-10-21
31d3a0e6b95e039056a7a3bbdfabd730d3bfc50b,Unknown,2010-10-21
0f00ecf5740cc4ead8abd034fe53bd94e0a5837f,Unknown,2010-10-22
15b2e91362230914b464d3c68f23588b79ec08df,Unknown,2010-10-25
bab52cd7b18e1654a70f08d636c9811ad6f57656,Unknown,2010-10-25
0264e4b0b0c1f48c73907cfac788d16ffbf6dc66,Unknown,2010-10-25
8f570c816d490ba2b5312dae455022690576e1d2,Unknown,2010-10-26
cde2ec601cf65eaf42732a143f3c056c97c732b6,Unknown,2010-10-26
7f0dff4f1d0ac8587a2bdcca0f973dfb20c696f8,Unknown,2010-10-28
04805239e551bb6ee621ea933160f5e99a34c17d,Unknown,2010-10-28
48b61abc0f57871e5997635fb825fd92ae63cf1a,Unknown,2010-10-29
478dd7317224ac3baa27f38b63b394e43b966e02,Unknown,2010-11-03
e66f0ece57a224da51f17cfc9ccb6b568dd3920a,Unknown,2010-11-03
f211ae2fefa9a987f320e22a741bcdbcfa320ab7,Unknown,2010-11-03
24b5ba4432bcbf5cb6fc9c6d02009bffa12c9c02,Unknown,2010-11-04
d189b081b381d4dadfbbe0ebd76780a3d76f72f6,Unknown,2010-11-04
6362a3ef42068ab61ff570b7a9c9a31cdc48991e,Unknown,2010-11-04
4b72e6f1f7d63b13014c03d01a0564bcb5cb3647,Unknown,2010-11-05
0c5f6f877f921ee220f2da3f49a5d17e68652fb0,Unknown,2010-11-05
9b7c24f5cb0e0c67f49aa8282cb485694283110e,Unknown,2010-11-09
267989fbf8aee315405602b64cb05b8f0f25dbc3,Unknown,2010-11-09
0b1b1fa7a21a507d7ee12758eae53877c873cde1,Unknown,2010-11-09
1703f8bfe61cb91b3016de87c745d5dada8c3a89,Unknown,2010-11-09
7732824c3d1ecb83143736cf66af9b036165c4c1,Unknown,2010-11-10
89e4a84be33b5d79d6b4484d334664b42da30243,Unknown,2010-11-10
0d19448b579617beec6d9a92b63d1878cd7cf439,Unknown,2010-11-10
43a0985bf07c1575142cb0115568e4425900b129,Unknown,2010-11-11
0752281b4d1539b0ee0b925631f4592d479c2c6d,Unknown,2010-11-11
7d3bef84084a81174fb40e0aae1ff3bccbc10831,Unknown,2010-11-11
d1aece968c383f3d7f23fcea2c57efa4b0fa490d,Unknown,2010-11-12
d430f07cd608e458ae4ec7357686baad4e941f32,Unknown,2010-11-12
56883437c0066fc74f899b3e9a8205e0e9e9fd17,Unknown,2010-11-15
856ecc64cfc934a4726a01bfdfbdf8d40ec0da63,Unknown,2010-11-19
88e7c08f7d44c89079c42e9211f3f133ca426ef6,Unknown,2010-11-19
d60510fa32b124b9c3d54670d50b30effa47e2e0,Unknown,2010-11-22
5e8107e90357233e250d4c0d5391b642e19c01aa,Unknown,2010-11-22
123fe14d4cbf8991a0b3114a117301b0a0a845bb,Unknown,2010-11-22
403aad4914b9ca10cc0cc610abcc3e73e4e846ad,Unknown,2010-11-22
512b024a91f2d7a2d2a5094a6d406716eefbe387,Unknown,2010-11-23
856dfaa059216368c8840b2b255cd5bfacdab7ce,Unknown,2010-11-23
f131d3ab9e885e49415dd5ea9b70c0b114f2ec76,Unknown,2010-11-23
fdeee4bac2f3686e6eac566e587107d01628eaf1,Unknown,2010-11-23
451362c842a02764e7575a2b7d1914c1efa96a80,Unknown,2010-11-23
fd07aeb8c3c2953d3a530f2c08b674e9b0b74316,Unknown,2010-11-23
312482ad95b84dd0185aff8750415cef2f9d4a87,Unknown,2010-11-24
05bb4ccbd25f58010dd0655aaca64aefd7492d77,Unknown,2010-11-24
608ce92a56826888f308c17c1f4bb1b8d1d38485,Unknown,2010-11-25
dfd1dceecb56544fae7528b48c55c1d845f4b6ec,Unknown,2010-11-25
a42103ffd0b7b8966626644945c1016a68d7d0b5,Unknown,2010-11-25
dcfeeccd632c5330690fb459da103046f24eac90,Unknown,2010-11-25
bb2ad683c24f2ac0ffc3915e6b56fb5dfc97885b,Unknown,2010-11-25
cbdaa653dd224d9908a19f505ba3feee2b2a6a0a,Unknown,2010-11-25
80121a006a4d085b7d8cad1d5caa9c6a591756b3,Unknown,2010-11-25
d904716aebcf30a8a50fbcf8ad813ffc2040d0cb,Unknown,2010-11-25
30bd37288d61c73209d4ee905e3b4b2449ad1ab7,Unknown,2010-11-25
3159b010e54eca3992c7cb526f4f5e32815021cd,Unknown,2010-11-26
6b7074a2f76b7e7a576670a1ee7984f51c7839fc,Unknown,2010-11-26
376e37aeacc437d8153d1656b90eb332ba8f3b4c,Unknown,2010-11-26
c033a43733079669b9df5ac95dba45713efc53a1,Unknown,2010-11-29
b5e3797793a1b3391c1ad4e0daa188ce76954d79,Unknown,2010-12-01
a7e14552ab944a08142942cd51707f61c0c53c13,Unknown,2010-12-02
10ef24328d3c2af5f300c34549cdf713e6bb2589,Unknown,2010-12-03
c49239538cd33238e68b61ab15fb2b2f5bd82f3e,Unknown,2010-12-03
9db57e44e27d92375dbee639d44f80fcb6f84efa,Unknown,2010-12-03
dc72f88334edb1f7e1dcd20ea2de9c129f89912f,Unknown,2010-12-06
77265fc685be8d53c1cecc77ed8b78c9fd01b5f1,Unknown,2010-12-06
5d2a942bdc61a1b3c094bbf79825f9b4701da1b0,Unknown,2010-12-07
0b07e11f90f68fb7d4c8c894ef1014ad908d06b0,Unknown,2010-12-07
ae66d6082ed3f5c391f26e16c8e47db693423e01,Unknown,2010-12-07
67f4126a754f97cb64bfe1a5708c9af061d65dfd,Unknown,2010-12-09
99f1d480bfaa4ebf16f7cfbae2ec97d9dd0ff2d8,Unknown,2010-12-10
4eb90b200445456e3482e305aebda6e63951289a,Unknown,2010-12-13
8a8c5e2e0885cc7befd6c11721b3c276631d21fb,Unknown,2010-12-15
f6f11f0e287f5c76b8ebbc5f3544a0ac8c9e9203,Unknown,2010-12-15
1d8f4fb2fa04664c3060d3e72239022594f1e943,Unknown,2010-12-15
77c20272907f397687fc96b2ca4b9ea350b48bcb,Unknown,2010-12-16
f739d3d4b44b7762cc444fba6e6868127cd75c79,Unknown,2010-12-16
19767ed1ed0f82b0922afda7784484ec84a8a145,Unknown,2010-12-16
3316fd2447e5c4b7dc73106aaf35eef9a77baeca,Unknown,2010-12-17
4b4b56d4ad99d5df39dd40b6dac6fa36e2b5ae9c,Unknown,2010-12-17
4d1dafba57a65d6f2b00851fbf0e80f31bf36596,Unknown,2010-12-17
5d945459645e385c65e79f99a6d38e0ce5239dba,Unknown,2010-12-20
7e327646ba936c7614a46b9edac95f5d21d01094,Unknown,2010-12-20
c881e5060111f182cfedaf8c37b1d179de423213,Unknown,2010-12-21
46a3050eb33f670479857f9a381e0982ed58486a,Unknown,2010-12-21
d3011872f84f3ec7413ad0890e4fd440e5bb80cf,Unknown,2010-12-22
3dd329a4f7efa52a0afe9e37ab5c26374281f70f,Unknown,2010-12-22
ea5ed5207988bfcc968a51af0a672d5f0890a846,Unknown,2010-12-23
799aa8ac529d7ef10983ecd68254e69641f1ed97,Unknown,2010-12-24
98a53840d0ed15b74a7f3208c9ada1d59cbf288e,Unknown,2010-12-27
5e9f9596de4f3fb728806c6a35167b6d01cb4b94,Unknown,2010-12-28
2b8c2f22381f211feea8e82da3c73c764690ec7b,Unknown,2011-01-04
9518d3fff1a0f4032d86e3a8d95694e8284998a2,Unknown,2011-01-04
ce711379cde24edf004fd82a87556d569786a654,Unknown,2011-01-04
b0b6396c93c6a0972493f1f998ac6aaf7ee6b77a,Unknown,2011-01-05
f26f251be39a739e1c5773035e9162980b0a526f,Unknown,2011-01-07
e2dc3dc0b17518e1a148695b8ba4c3d94c32c048,Unknown,2011-01-08
6bb88d8fcd1e71722ec981047b25c436f7205bbe,Unknown,2011-01-08
4dce92e336a20a79bef52dd24e6155e568f1f88b,Unknown,2011-01-10
bbee22b7354916ce2365be87054e8a11a33fee2f,Unknown,2011-01-10
6394bcac5147d9e609846e3823b4c7f71e8abe9d,Unknown,2011-01-11
e83c7c738f7bafa28305a5279f9098c86071607c,Unknown,2011-01-12
e716ffc35e16043a2ea70b161f10b270d17715d3,Unknown,2011-01-12
5b8592b440b14fb2ddd8cc519f65e77814994519,Unknown,2011-01-12
f9f364f8732f167f6f74ffe4ef32465376ca7fca,Unknown,2011-01-12
1867c69f6f0d7ba73c1e101fc24d2fde76a3736c,Unknown,2011-01-12
db684bc4ee7a6dc8dedfe0202ff20ab1e91595e1,Unknown,2011-01-13
ad61a34adf55a6188fa6d63a1db12657d7688e50,Unknown,2011-01-13
0fe93826c620399a83fbf44f6e2db6e62f98f8f9,Unknown,2011-01-14
ee9a788e5f3f26c13b6174788ac20181f369efc6,Unknown,2011-01-17
e0ba7481ffd8f438916358147dba284b5b20a7ad,Unknown,2011-01-17
25011b43c27f54db890bc0e7965312b8a0927267,Unknown,2011-01-18
92569641ff4b32616c9bcf063b10f70897d51442,Unknown,2011-01-18
8180f92ac9ceff5353e3dd5d9f46f548c940da13,Unknown,2011-01-18
753d4cfe6bff6a6bfbec0483d5f8fc89abafb570,Unknown,2011-01-18
05f0489b02de43a8d7a8e68cc99118984999216b,Unknown,2011-01-18
7f40d387fb0ac52d93869022c53f689174af6536,Unknown,2011-01-18
34453842397fc2fa9228aca0c015a87ac5134796,Unknown,2011-01-19
dcd33c0e536b5e9592151bd7d708e5654f884701,Unknown,2011-01-19
617f3fc9664547848a77fff6b5b62207a48bb9c2,Unknown,2011-01-19
6220273786edbf04c592cfd8864d92964c4c1edf,Unknown,2011-01-19
e684cb2a1ec33883602dffcce102af55d8a8e2b5,Unknown,2011-01-21
02019f3f0729af5e952e77377649b558f38d0cfd,Unknown,2011-01-21
88bebd456264c25ae8f2efcb44148030e1055387,Unknown,2011-01-21
72885e95aeb20b953d2059f8dda6ffe5471dcb6f,Unknown,2011-01-25
5849c0cba90572296f44e669667a70cc31feb3bc,Unknown,2011-01-25
e49696e229f9bdb9e87ad68f03d39c00b08f6415,Unknown,2011-01-25
c9c2ac76ff8dd37a8553a356ebd05dba8262eab0,Unknown,2011-01-25
55ed9db2deb61df70f3b07a8dae86e69100a50b2,Unknown,2011-01-26
f2ef089d6119c529f3748ba6f4ccaec7e1dc2015,Unknown,2011-01-28
8df92e3b8b7c56c2ca4a540c784fdeca5415218a,Unknown,2011-01-31
6d9493daf0796a4f68c2962dc15ddacc0c22fd45,Unknown,2011-01-31
5f9e9446bcb02992804b4b9de96b8b047fc76845,Unknown,2011-02-02
14c89a0cc00308adfc0a988413a1a44b77eecce3,Unknown,2011-02-03
436b05479e0b584fce1bd9ae7c7a8a10cf46c3a2,Unknown,2011-02-03
a2e90d3542e0b48bde5035b9b235f9403fa2acab,Unknown,2011-02-07
6f24582e923e82a8661395955a1461eb4b66eac7,Unknown,2011-02-08
75481af555500821b4e17cd1241e2d823a56ebb8,Unknown,2011-02-08
e66b4d776619fb97fc6a179de4fb337a55ea01ab,Unknown,2011-02-09
b1846943b228878c898fd897c5588330ca41b389,Unknown,2011-02-09
25ce4f250e91d7c4123ba7a79f8ba385f817abbc,Unknown,2011-02-09
2eef472041062d48ba54db1c25fabd45624cfaea,Unknown,2011-02-09
943fe22868c43da12e9b25f11a76926e16ee63a7,Unknown,2011-02-09
cccf6ca4bfdced2d09ad3d20d5f0e0b00e8e9e69,Unknown,2011-02-10
f5ecf0c5dfb46cd79bfaf42f5eb26d0891b48e5c,Unknown,2011-02-10
c9fb4d1ac5d83e402cdcf30022f243d4017d4270,Unknown,2011-02-10
b7a1a525a358c4aebfd698083c05afb3b5dea8c7,Unknown,2011-02-11
f0141ba4d9791dc1596063798eff16b00a4c4dcc,Unknown,2011-02-11
2dd33aa51fb57e70b39568c7d7624041a6ffe4a7,Unknown,2011-02-11
fef2ad22c653f15fceb3312a79a98a81f19d3431,Unknown,2011-02-11
ef5fee5d885d3357cfde537b42a6a86cc511cdf3,Unknown,2011-02-14
3c9b0942ff49b2aeb09ffa36a7fd4247a8a7fd7b,Unknown,2011-02-14
ecfe53f621707cd7a3f660b39c6cc694c764227a,Unknown,2011-02-14
6bc1f6b45e830e814303b0b7f06f603c8f719991,Unknown,2011-02-15
7cb3ff8f183678ee9887254ac171ce89f34e25d3,Unknown,2011-02-15
4d81a353c7b52b0cf233a66a40798cfe00bf183a,Unknown,2011-02-15
ab1970c2524f1f32f9e83e2a452f976f0a76c986,Unknown,2011-02-15
75f8c515103887973082bd946b1e9fd1da1238f5,Unknown,2011-02-15
b79fce1454b63c91e3fb1f11cdc6ac9e977d64ea,Unknown,2011-02-16
b5c5aefde2aa48045684e10bc9772046d866fa71,Unknown,2011-02-17
14f5eac101e6d1505bf04bce536e3cb566f817be,Unknown,2011-02-17
0e830837547f5c46a5bb3dd17f6740321e7f54fe,Unknown,2011-02-18
415bf73318dc0a74a9ab57f52217389fdc2448ef,Unknown,2011-02-21
5474a66d029089dcff08ead64cb98bf21083c528,Unknown,2011-02-21
494e8a3e6c614ce8c3061048c159152bb5e4bee5,Unknown,2011-02-28
cabab92a1e6ccb37a713b0ff4204cfc5023f6b3a,Unknown,2011-03-03
be9134600687e56b09445c06b826c4d71fce1f07,Unknown,2011-03-03
ff7e002e496ea97b8164672a9ebce4242991539e,Unknown,2011-03-03
07b716737b165c16ae30d0168161b4c93b754e30,Unknown,2011-03-03
f969a9dc17195a3bb8a1531a2497af8d34b2f9ca,Unknown,2011-03-04
518df95e05cc484035bedae61f507190bdd4b66b,Unknown,2011-03-07
b4c3181b46fe3adfc2685883a66c9ad6a16cacf3,Unknown,2011-03-10
e4ed2300e238e6c4d9d417d1a54380d746a80bc5,Unknown,2011-03-11
c76a50a5aeeb43405fe0894faf6d68431f03b45d,Unknown,2011-03-11
49c5eaecc69db9d4bb29959945dc83d7f102beb8,Unknown,2011-03-16
520750459220a221de92035b33d8167ab2626280,Unknown,2011-03-22
c6d4024eafef30512e5c5a5530b979645c98c262,Unknown,2011-03-23
323ce79b01ca6e99eaf79084c6c365ae13f99c47,Unknown,2011-03-24
88b0708cd2e70744d31dd46c7e1c3c65540eea76,Unknown,2011-03-24
075ebd4e6eed4a1b9ee28165dddbea7495661a5b,Unknown,2011-03-28
c0c8a85a2cad38efffefc41f432355fa3410a750,Unknown,2011-03-28
fc508e9f9752cee10766a55a8776548eba0b396d,Unknown,2011-03-28
78baead0a33876b399ffdce2b2206587ddc4b522,Unknown,2011-03-28
87084964f2359cbde0f2b572b63cad234400a7d0,Unknown,2011-03-28
186124537d471a550b846588a0947a677b07bddd,Unknown,2011-03-29
82215f89337265e3f182c112d355495cf6664ff5,Unknown,2011-04-05
99dc601f9b38d97035bd3b0514d43bdf265be013,Unknown,2011-04-05
128e6be1b8cc89bf1389982c83e2735aa094464f,Unknown,2011-04-05
e8ac68aaf1bc979d61f6f389ed262dde5b1406a2,Unknown,2011-04-05
49b265559443368f694e5b033fb64d94eabd3831,Unknown,2011-04-05
26e9a4e5d005c9bc114d7947c4b32cac2a494690,Unknown,2011-04-05
0ce8570bfdde601433765a7935d7235ed5a3d835,Unknown,2011-04-06
f0b582bcbfc84048fb616d5b0d5f0834f3a41d62,Unknown,2011-04-07
f562ff9d5c34325b9467b3537b1d2ed0f9381071,Unknown,2011-04-10
b23610d5a834077d6e4507a528d63fefd6a74853,Unknown,2011-04-13
261c934549732062b195719497f63e2a861f6539,Unknown,2011-04-14
add292219ddecb4099a01b4721c1ad6ff725bbc0,Unknown,2011-04-14
8635260c18c7f7d4f2c5202ae84f63ac5796ef48,Unknown,2011-04-14
c2f9e9c133877c40ef838a81e1e9c9e35e7f4857,Unknown,2011-04-14
144c756d854ff21499483254577c1fdfeeece1e0,Unknown,2011-04-14
1bc6f1c37b5804988fe093c4f05a854b5867ef5b,Unknown,2011-04-14
6cb35e5b12d33c7b5f92ac16f032834702b87695,Unknown,2011-04-14
d71273c463fba10b9962e87c6c3da36e0b50ee43,Unknown,2011-04-14
d8d2c0fb67dd77383010e22cc2980377f764bfc3,Unknown,2011-04-20
1cb7c7313d762e8fd2dd0348d1acae8ef385fae9,Unknown,2011-04-20
af515608e59142c2286f924ce351bbcaec6ec395,Unknown,2011-04-21
6317d431ba6b1dc4d959a1d39e178124dd58f967,Unknown,2011-04-27
455805edffd32a916d863c2229f0f026330dba92,Unknown,2011-05-06
bbe942bf53ee4370bfb3af7434dd9cd6d0b61e6a,Unknown,2011-05-11
9bfd36e9cf4190ee1fd8614b337d3fcb39117709,Unknown,2011-05-13
11b6376f9c81c4f0e26bd3df3b2819802a12f450,Unknown,2011-05-13
66a2c665bd85708da236c40b5f9b0ce2781e5a60,Unknown,2011-05-16
2d166b6a361e9bad6821cb8fd9802455364dea3c,Unknown,2011-05-17
c0fdfa0bf598ec23c9a77972e834fa26f9d6530a,Unknown,2011-05-18
5d6e167af1847d5aa0d76e706d408fe7db12938d,Unknown,2011-05-18
a272484e2e32b9e817caacf55b82c6aa6c39040c,Unknown,2011-05-25
d314cc4fa3df1884f14c1542807950c05570686d,Unknown,2011-05-25
87174da318040c3ae9832eb578013b2e7390febe,Unknown,2011-06-23
98e42261a75cfe21bb92fa0602675295cf358267,Unknown,2011-06-23
b70a9a647f2b9925a8344d7960e1b7265d7103d6,Unknown,2011-06-23
5cdf516c5043715a28097978946161fec40e9916,Unknown,2011-06-27
f10a266a4c3491232b6a6e25f920349e8eb1c440,Unknown,2011-07-07
c539fb3c8dcb999a4eb897d9ea0dde2f9e019b25,Unknown,2011-07-07
cedcc2e0ea9e544a0bbe1ddf3515a883f46c9b07,Unknown,2011-07-07
1d89304ed511c8ca74845088b0a5c39cfb0962ce,Unknown,2011-07-07
49de559838961a4a20bf633d1042f36a347ac7ea,Unknown,2011-07-07
8a36edae18ed7eb27a8525b9d3f44226ff9b0c35,Unknown,2011-07-07
1e3d57c4f834f32f23d3e9fb0f25b72f73cd1a40,Unknown,2011-07-07
347d3186861228b16dc189d5806f73236533c4a7,Unknown,2011-07-08
3e6c8ce64a2bf43c72e2d13b3f000bed808a17cf,Unknown,2011-07-13
f8038ba4dd2e666afa5b02661f275dd0a5cfd945,Unknown,2011-07-19
db392b1948e465f53123fb23dda714190f853c14,Unknown,2011-07-19
339c739744c7c0db63639b5cda9f56c0bc6b6b7f,Unknown,2011-07-19
481612fcfede629a3a31445c17562b6290d40cf8,Unknown,2011-07-19
803ba44fa12c73c4d7e298bec196ddfd560754ac,Unknown,2011-07-20
aa6cf1057499970d1c3d5b6f737f660646f16c89,Unknown,2011-07-25
b9bb64fe180a0f28ade487385cf48a1f9da6f919,Unknown,2011-07-25
fc5cd61d84f7e69a393d45b62a9f6e36e99c5718,Unknown,2011-07-27
9894d78d3a18c7465657815890161bb2968c5b4f,Unknown,2011-07-27
cfacc242127da9543e32d1ee13716624da0aaa04,Unknown,2011-07-27
39187768800baeb6669074e9230c4803ee40f15a,Unknown,2011-07-28
ca3527c37c5b2bf930b0ed821a4f293b626d0fee,Unknown,2011-07-28
60feab587b814e97456dc23c242bc54001d81c60,Unknown,2011-07-28
90c293009f6db2bbd7b14c1ddb85f1d16addacfe,Unknown,2011-07-28
93770f350e0ffa23a95aeda52779672d13ff9d0f,Unknown,2011-07-29
922039f3e985170bf9d505ca0611693f84685872,Unknown,2011-07-29
c7cd53cf20b8add86e1dc1864a0341ed14ef73e6,Unknown,2011-07-29
6df6b375929a10257429f795f70cae01ce95d7fd,Unknown,2011-08-01
d4bb41fb7a43ba22dc6c4c9e0c84743bff0a69b0,Unknown,2011-08-02
07a73beda94148959599cf34e6bb1b43d5c92cf5,Unknown,2011-08-03
9a6b45c0cacca0e26b555340b95c08f5a5cd3a8f,Unknown,2011-08-04
c44a1ee3fbbabe4047ab6475da5ca608e324d473,Unknown,2011-08-04
be684542bc7606684cea87af675b72c7ccaca924,Unknown,2011-08-05
2e0f91245ceefa25b6b4f344eedfe2c66f14e069,Unknown,2011-08-09
f72f86d6768346fdcd15c3910534067d1309fbbc,Unknown,2011-08-16
a9aa835479dae6cbafb0ca7e9db1e987d7c58d8a,Unknown,2011-08-16
0f2e91542068a3e0bcaa26c8e979ea676a4da65f,Unknown,2011-08-19
1dd3374a81715c019e0b76dd4b8d8464fc37ebbe,Unknown,2011-08-22
c34736d750e546b27b0a4f1eafb5e766b4db733a,Unknown,2011-08-23
c3eb0cac717a1f95f530216fc659db472dfb2b39,Unknown,2011-08-23
6b4e85b262e0abe537901139be4e192f1b16188c,Unknown,2011-08-23
18a3262e1059623a08ef97099edb3ba50583b7b8,Unknown,2011-08-24
0c4de521a8badef34fc38073a0193ed3f92e5f1c,Unknown,2011-08-24
6ce8f38cd243045048233edf15db9150e945fbdc,Unknown,2011-08-24
205b623f8cd3605a9f17c001b4c1fb96fe50b248,Unknown,2011-08-24
83d91426d7a903f815b3011eb0068725e9c9f21c,Unknown,2011-08-25
501a66884a3370761a4a526c04e1fbb48e4231a0,Unknown,2011-08-25
8a0b03a954d2e57c6ced2d317fe3de10ea9de796,Unknown,2011-08-26
2584ea1e5944659c5c71e43c54df41917888dec5,Unknown,2011-08-26
da5d47febcc00b7d3592ad331ce1262f344273ce,Unknown,2011-08-26
9b223dfcf013d7bda69af49f7a4e338ddc57463b,Unknown,2011-08-29
e3e6cea52546a56e9f1c1a16f34457041d022a4f,Unknown,2011-08-31
0f07ef160cc5e59bc7c9fd12b7fb1763509c3c2f,Unknown,2011-08-31
400beed683a68d497c4eb9b601bdfc007c336367,Unknown,2011-09-01
b5ce2b3e6bd435ca3d1a3c091516dad7c0340cdb,Unknown,2011-09-01
7808d37bb9cf9f70c334f85f1b7145f34d9816e6,Unknown,2011-09-01
a54fe156c49a30fb622735619f5b9dd08ba1adb7,Unknown,2011-09-01
cd16eb1446593969b1401f8672efecabb1a06ab4,Unknown,2011-09-01
d38272f61706caf3c075fe0bf426febf5c63f61f,Unknown,2011-09-02
51cdf7b2afd25703fd4587f54b30e99b8725eaa7,Unknown,2011-09-02
64c41aa4fd4ab5b4e481d13f678b3f10ea4380be,Unknown,2011-09-02
965e7d1bfecb337c30539b21b8a47fa7d64c3af2,Unknown,2011-09-02
fa4bca433fc4aece0c4a0590a07652c7a12bdb34,Unknown,2011-09-07
ebf0f2df2210ac86a0134f41a3257c0927bda2c2,Unknown,2011-09-08
c2731f2623c19091142ee8d40e29dcb7c6bf60b1,Unknown,2011-09-09
f628b2589adb39105ed9979ca34be5bcc6d2832a,Unknown,2011-09-12
a7a029c6ab5a419e03cd1a7bf881ffc9f114dc06,Unknown,2011-09-12
a5b15cc735424fcf6ac9ed31c4bf9c5177945e8a,Unknown,2011-09-13
02c3fe813742aec8694c1cdb354cd1bbfbd84490,Unknown,2011-09-14
3757a3263eada8899d319eb29f39cd37fe242ea7,Unknown,2011-09-23
c4173361d916113a35834ae2a17b9f264e429bf7,Unknown,2011-09-23
85d3ba58670e9b4a137faeba9f9cab005c65ea04,Unknown,2011-10-03
f8a14fd947a7312d322b8029ba70210e677f294e,Unknown,2011-10-03
d2a308fe73689c8adfea26ca51ff7f2cbd44aa53,Unknown,2011-10-05
2461f00cc57d3c0cd29e7d1ea8328bb8df406e89,Unknown,2011-10-05
53d80b1ac194ccc9a29fa802d2dc71b2928a9876,Unknown,2011-10-05
61e34a5f238484115d8cb4d7623a0af255f7d320,Unknown,2011-10-06
e645ebc757b431f958850cbbc5fef5a685519519,Unknown,2011-10-13
7dc5877444e7d015ca512479f2aedb1e9ead0682,Unknown,2011-10-13
242058a04e3124a5116adfa0bc60c21c4821489f,Unknown,2011-10-14
5bd8004076e5cc249a4a4864487952d2ed5c49d2,Unknown,2011-10-14
4a7f9aae086c74f356485107e2bcf7636dfcb112,Unknown,2011-10-14
fef2c4162098dffab18efc4956f84d0e360db56b,Unknown,2011-10-14
d08f52c33240cc765acc69ad663255f2d6f8fe23,Unknown,2011-10-14
784f26f41a79f0c0287b167e4751939eff5bd722,Unknown,2011-10-14
110a4dcfcf00fd2338fdf56b107136af9dc82d92,Unknown,2011-10-14
c67b22d2d71817333a4fdb83f817a67dd87698d1,Unknown,2011-10-14
baf22db698f0308c1d4f14352326014b85564eef,Unknown,2011-10-14
4939b627e0b145af811937248eb9407132d625ad,Unknown,2011-10-14
ac29cebfb1ff8ac32d6c6b2aed999e3ce2d62368,Unknown,2011-10-17
ee9c98147b78793ee877974fbafeb262b008269b,Unknown,2011-10-17
bd5f550573b78492fd7861fa68490cc5a23a953b,Unknown,2011-10-17
aabce0854d82827ec255d293e30c6ef163566579,Unknown,2011-10-17
81d2482df915858a45ebe95a9ac298c4c6841c53,Unknown,2011-10-17
6c468e62c80d836b4f61018bd32199f401fe79a2,Unknown,2011-10-17
ae1ebee7816d0969b4d0ac42b4a2e67f270fbfd7,Unknown,2011-10-18
214e7cd35348501a89063b2526d263793c35fb34,Unknown,2011-10-18
17a9887acd27e36f41f350a205364b388743ee1d,Unknown,2011-10-18
5ba82ce7e11ed0c77ef7f5cd018f67a9564c536b,Unknown,2011-10-19
3690e43429969ff5b2bbc1ed5bcb9a427937da32,Unknown,2011-10-19
abacb883e17dcd5ec825c04307dfdf3be0717acd,Unknown,2011-10-19
52364f2252b089f71556b3572d174868d364005d,Unknown,2011-10-19
123df26956ac7442b3b870d6d6eeba365edb5a01,Unknown,2011-10-19
4e802de2a8ab2afcb2785e4d8b53d2c51f8c9b0c,Unknown,2011-10-20
070db724393daeba25ce93c27c167c3248089ff8,Unknown,2011-10-20
f59e43d9b4358f6ab024b151e7571d60e58f7a4c,Unknown,2011-10-21
12dea2d92a5b3f5d57a88a77cc8cb8b19409b7ff,Unknown,2011-10-21
12fce01860c698c52b00efdf1effeedfafebdfae,Unknown,2011-10-21
5cf8c913fc9b607f4e7ce72ed4be2140534270bb,Unknown,2011-10-21
b16742e203531b63fc92b968671ec72456aa19b6,Unknown,2011-10-21
65a7f609dc140ef795160b98c33f549680a78cf6,Unknown,2011-10-25
ccfaddb733dc9cc75486991e6e3dd4977c990942,Unknown,2011-10-25
66d8e45d25b144f1d6b2f0c30462db496bab6e7d,Unknown,2011-10-25
0436fd1efa822811dd0e6217162524f5d39c4925,Unknown,2011-10-25
7fb777dd991814ffdf5d8bc103a19774d9ccfb84,Unknown,2011-10-25
322f6daca8549486956bd188fed37694e0d777f2,Unknown,2011-10-26
515416a17be573325124b4eb6da6161742102870,Unknown,2011-10-26
fc739b5ae16f10bc9ca952c1b97cd1420fbae5d6,Unknown,2011-10-26
b4252cf57d8d45a815dec981356a6da71b88b3af,Unknown,2011-10-28
7fae22ef7aa2d8e8108a7fbb44dc27d4b088ee53,Unknown,2011-10-28
954c3174e0c21fba450d6ee7963e87347cba68b1,Unknown,2011-10-31
5c05746ce9613cdbbe32d402dbc7052ceae51470,Unknown,2011-10-31
94055c24765cdc943d7c0070e5673d3a21f97b2a,Unknown,2011-11-03
e6d4899f9c63888d8353a6936ec112877c1f43f0,Unknown,2011-11-04
df64c146aed091cfafbacd569971e02cb39cef79,Unknown,2011-11-04
a2a278194526b909aff05077d570ac38ff99e663,Unknown,2011-11-04
2ce7b7782e8ef65a098c1f2f3573fb7251c7f958,Unknown,2011-11-04
8d5ecfd500ffca1bbc333add9edd78fa0c696eea,Unknown,2011-11-07
fe071203c7b1d40a80565824fbbf5d5d39229b0b,Unknown,2011-11-08
9248e60a7b187994801ec159128bbaf8621f06ef,Unknown,2011-11-08
926bc6673603d824c6693bde98a73604005ef2ea,Unknown,2011-11-09
add4f6a50152da0e60031820d63360da998cf662,Unknown,2011-11-09
97ba49cf00131c6e9748bc2673ea2c977b5a83e5,Unknown,2011-11-09
4ef50444a8edfd1c0177a7fa8b0166632a2bc43b,Unknown,2011-11-10
c60fd59463cbd1a606bccba0cb7431ab356ceada,Unknown,2011-11-10
1e50627799c261c0712eca76bbb838fa018cf1f7,Unknown,2011-11-10
de0f938478bd26fe14881b14bf3127ae431e0952,Unknown,2011-11-10
8d8f5bc828fd5ec58ee2ffc7a23ebeec2b0fd647,Unknown,2011-11-10
e2e202661550d06764c35ea7d52e11edfe2c2426,Unknown,2011-11-11
b49d18d57b18e62b4bf14fcfd8205a4673db1472,Unknown,2011-11-11
93574a62beb891ab2192226087cf16d208c9368e,Unknown,2011-11-11
bdb5abc39cf36afc87beded34032e683be206888,Unknown,2011-11-14
776d5712a156a40b4bcadff76761ccec2cbc5312,Unknown,2011-11-14
f7f426c01ac761d199d193cc4c37d08a29b1e191,Unknown,2011-11-15
f133b20c4de5388b7bfb66443d457f0d9fb8bc58,Unknown,2011-11-15
1d2ff5385ede5d4767d7d33b4456321e3eaeb301,Unknown,2011-11-15
a6b07568ed96d257774da5129e4003c2d91522bd,Unknown,2011-11-16
a1c1b2b1c6a51bce1732c6ac67ef73646c256dc1,Unknown,2011-11-16
03c58f1f7639a2afe58c0f05db9050ada8bba0c2,Unknown,2011-11-16
cc05d58cf845cd2f1075882fab98ce4df6be5eb6,Unknown,2011-11-16
0f25d712ae3ca8a714559058296feedae043354e,Unknown,2011-11-17
5b2d0a1e8e174d5c83c818d32b52aefc31c1de37,Unknown,2011-11-17
6a8b4328c2379533a1c2c67348bb0bac4bb8c020,Unknown,2011-11-18
2ded01ffbe74ed1880df3d44e7b4bc44fd127b27,Unknown,2011-11-21
5151df1fec6b1e46edf138974ee300083e9d24ac,Unknown,2011-11-21
0bed4a4178b9f31aefeaba385559eb582679c0d7,Unknown,2011-11-22
0891b6404069ad7d7b48cd0ec6e0aabd2ef0183a,Unknown,2011-11-23
6139e533eecfb3bee60872a8cc778d40b2e5e762,Unknown,2011-11-23
a51b2704e9ebc151eb14c318125196327d7e6feb,Unknown,2011-11-24
58ce60c256bfdbf7c6eefbe3522c3fd52d395b40,Unknown,2011-11-25
73f0f9b0a403ec80435377dd304ee40dc25b3f0d,Unknown,2011-11-25
012679b38c8e4f44d05583c7f55e2aeabe8cf805,Unknown,2011-11-28
01f0755b5ceb38baec137045d74ade77fae1eb72,Unknown,2011-11-28
83072f7a86c92fcaa1a28642c5b5a792493e1003,Unknown,2011-11-28
0651c1715d30aff0f189567e6be6b6670cc6918c,Unknown,2011-11-28
2a69f8d8715ec3556a3339d9e7dfbe883896c5bb,Unknown,2011-11-29
824ba958d2e9c83e698ba828710aeb90f3e44d38,Unknown,2011-11-29
067afa53255230287b5ecf550bbcc456c624623b,Unknown,2011-12-01
23c454b792d10091e3f44fd6623c0f0a6b3fd238,Unknown,2011-12-01
362f0479100b3e9870d1dd34159305304b1bc55c,Unknown,2011-12-01
a2c4c603527c76b1a723b19dfca9d29424c50506,Unknown,2011-12-06
fc0b8595d889682fcb56652a124ba959e505207e,Unknown,2011-12-06
72897a0f1af6dfa1be0c9bd53bc20d7827a56722,Unknown,2011-12-06
5e58b6940e18c4cc84ba0177ef5c96ae3cfd9985,Unknown,2011-12-06
0b24e5c1a9de1db22183a8af447deb875a14ecb2,Unknown,2011-12-06
c15b5ef648abc1ec475d63dd73d6e1429f89cf8c,Unknown,2011-12-06
abf6f8e92af4be8e204f21bde30cf95c60ecf234,Unknown,2011-12-06
a2f4b9784aebeb4cf0ab230d2992f957cd156f60,Unknown,2011-12-06
4b3df318c34270ce9bbda3f81757387331b12ed8,Unknown,2011-12-06
47619e30b32a872c1080d3ad469f73905219ff87,Unknown,2011-12-07
1f03426628e7cbd2d7b4bf5a99690acfa7e80aef,Unknown,2011-12-07
2de9ca6d0cdb209b38720e46775bcb5023af7dca,Unknown,2011-12-12
50befc9f93310c46c3c4bd5b49e0ebb011684e86,Unknown,2011-12-12
197336147dbce6a394778b9d3dc947b7b8dd9919,Unknown,2011-12-12
6c3876be1fbde6fb687df3f8d6ea7b103c71778b,Unknown,2011-12-13
6ed93261318cb03c1ccb01fb82a6478800935c3e,Unknown,2011-12-13
77ed7a255aa0d3bacad711b4a17dd3bca52d4d44,Unknown,2011-12-13
a3962b7c38456bdb7e91e57b78aa37272785fb19,Unknown,2011-12-13
d2e758458659e3988020928e89ab6f58500fb395,Unknown,2011-12-13
1168c47f168646e4abdd0d97bf5a5b7442627e71,Unknown,2011-12-14
7148df307784f5ee79539915bd7587631898eb69,Unknown,2011-12-14
60e7169a726a800ceb709c1c9943f7c4de36595e,Unknown,2011-12-14
bccc885259d668ab1d715154ce216aab3882a4f9,Unknown,2011-12-14
6d4669ab357451ac2d3350fa6f25fec5a8344c3e,Unknown,2011-12-15
e18fe9b89e83bb846983aa03d79e93657727f839,Unknown,2011-12-16
1996620dd17f241a73bdcfb68494a849456adc5e,Unknown,2011-12-19
262d84d93fcbdb59bef0a64331e49cd82387fd23,Unknown,2011-12-20
845af41c04512ffaed59c12e4412e7ee52a9cb6e,Unknown,2011-12-21
69668f7ad9319100957a577bdb200fb38e9624c9,Unknown,2011-12-27
c42415aafe0d9fa8fc205a9907108fb776b60052,Unknown,2011-12-29
6d16fd5cb691aef173c01c86b72e17af3866418d,Unknown,2011-12-30
779a2fcbb21f75a0c7ee498df086ef66cde6342a,Unknown,2012-01-05
9c8fc562b31c6f33fd567526495749e8b2699dd9,Unknown,2012-01-07
8e91a7c7beae8bc9daffb5d4ca286c42e3301b1d,Unknown,2012-01-08
7a052b351fc437233ac30ccb5af06b47dca0310d,Unknown,2012-01-09
839cfb33c894e63bae83ff038d1a7a6e456c7f0b,Unknown,2012-01-10
62f92761823c1587808687364b4d8e7ab2b3238c,Unknown,2012-01-12
53d51f93591adc971a4ed739c98d80fedcf176d7,Unknown,2012-01-13
2d1db5e7b0d241d4638304359431eee362099212,Unknown,2012-01-13
c7c1cd35b9af30e2e7fe1a1527db88fdfb949d55,Unknown,2012-01-17
9a4f44682b19f170b94cc6139f750ca0032a14d2,Unknown,2012-01-18
2ba0f5e5a6751c15c072cf931aacfe7a11a2330f,Unknown,2012-01-19
13f880e3cc7ceda21541bb0d8e5660d9a9a1f466,Unknown,2012-01-19
2c510a41865b14c7543c2639826a473d37a9a4a6,Unknown,2012-01-19
4b4392feb77a1ffdf84a6c8c8da1c840032d4091,Unknown,2012-01-19
df58538b67512d207d6e1955cffe6452db4cd420,Unknown,2012-01-20
f438d59b8c396c7d904147eec8c3ba07a8c84ce8,Unknown,2012-01-20
6945c3809500364e9d8ae96edb0116b778a53be6,Unknown,2012-01-20
4eb75cf5b1baa20f372876770f618e5f49fdaae0,Unknown,2012-01-20
c92edc50cf88c94041c48773926c740778e907b7,Unknown,2012-01-20
8a2df232264caccc07d05f0bae5dcabbfc64f5b9,Unknown,2012-01-20
c2c002a563b9ff041f5100c8c5c4a407d3b65048,Unknown,2012-01-20
db5b5d77984ead1cfa12771db33915b81803e268,Unknown,2012-01-23
152c859f7b223fbe3ff862a146c3ba9cae7d93e5,Unknown,2012-01-24
d4c0630e9d2d9cc3f70c91b7cbb48b8798b19c2a,Unknown,2012-01-24
1a1aec5a6271846d1103529c0dc8764686169777,Unknown,2012-01-24
72c3c23422b282cabe9b5e861c78cc18a8ac53cd,Unknown,2012-01-26
ed4a445ef2342e7204687456c63fdf619f91f229,Unknown,2012-01-26
0fd3aa1c4428319f2ace50c68b051b96c4b9260f,Unknown,2012-01-27
ded1cf9dba23d9c09cbe67a957a95d190e6e7618,Unknown,2012-01-27
e592a9c4812b90079bbab932c77e7c8d0f9006b0,Unknown,2012-01-27
e6e560a488409b15674faaa24b895ec37dc7e045,Unknown,2012-01-30
aa35b24348d3e63086ed5c63ba94c48ddd9953a6,Unknown,2012-01-30
f99d10a1098cf948b39e8ad111183bced368a4e2,Unknown,2012-02-01
399feea8a8a74ec42a5afadb71fff52484b0ac9c,Unknown,2012-02-01
d7346264809fcbc96a0394850bea44c28353175d,Unknown,2012-02-02
3b29a11d186cc30e95d7a13fc4926838e2230420,Unknown,2012-02-02
d930f0253713ef6700a33d663f6ddaf053d20e2e,Unknown,2012-02-02
8789a9a9240ef71ebf88a3b5635da8d1fb0270f6,Unknown,2012-02-03
1d6bed8ef8850f50d4bbc2e368ce410257dfcaff,Unknown,2012-02-03
bcdd141106ecd0f5cc1933e2422837ca0186e06d,Unknown,2012-02-04
0685dfd99f1bb6703bdc43769e98a972516aba6a,Unknown,2012-02-06
01d002d58fbbd22c2c562cc8ead51420c105a081,Unknown,2012-02-08
1f0c9757738157fc26d3b5e16ec868c8d513f233,Unknown,2012-02-09
1611dc592acc3f083765a2d84c9109162e5c2c98,Unknown,2012-02-10
dbcfcdd71f44803e343f46028e70dc75b6e8ff6a,Unknown,2012-02-10
e445584a2ce181d0b2e8c54b0dfd3b23de5cfeb9,Unknown,2012-02-10
ff061d4a08f05d35a0e90e3999b7d628666cb3b9,Unknown,2012-02-11
35bb81b807e59b4383a8d87f955783af1931dd63,Unknown,2012-02-13
bac5e828fd81fc16122b60010ec9b42ee289b0bd,Unknown,2012-02-14
ded3359768e03391b44153b04701b3738bc3abee,Emmanuel Lecharny,2012-02-20
13c80808280c3f2bf19832529d001d036b0c5479,Emmanuel Lecharny,2012-02-20
c5743e67f0a8b2656cbb92598608a40aec3588c3,Fabio Martelli,2012-02-21
ed8dddcc1fd6dd307ca11d7355db74fff33ff52e,Francesco Chicchiriccò,2012-02-21
011b1114f0ac2e9b28437e6dad9704cb48e1ce40,Marco Di Sabatino Di Diodoro,2012-02-21
504614a02c4037f4e14ea525c0f773f1ed574c03,Massimiliano Perrone,2012-02-21
f2da83307df8d8ced573bd95ed0c8eced43eb0bc,Francesco Chicchiriccò,2012-02-21
59fc6ea7373c56281e9e76c6674fafdfe9882b61,Francesco Chicchiriccò,2012-02-21
e16f3bedc7b9ed8d13408f6bb2417c48088c5112,Francesco Chicchiriccò,2012-02-21
15ffd4d984834f6976f20996553514843fee95e1,Simone Tripodi,2012-02-21
bfb87f07f2f41cdb173f69704ab2e358e6aea689,Emmanuel Lecharny,2012-02-21
42c850acceabb5c2c1d176e327829633445123cc,Simone Tripodi,2012-02-21
c51e6fb1b851c74b667cd3821120ee083d010a0b,Simone Tripodi,2012-02-21
5ab2a5a71cb6a1924e2ca4adbe563f08018cf12d,Francesco Chicchiriccò,2012-02-21
b9801cae9ed07ca4d0f277130556c41a4266f51c,Francesco Chicchiriccò,2012-02-21
c566d3c01f0d68df79ad35268fbd50a38242c89d,Francesco Chicchiriccò,2012-02-21
2a8d0486d0388ea83e88775aaaa5980d55668e92,Marco Di Sabatino Di Diodoro,2012-02-21
cbe86e036aac0640546b846c689c58824336bbe9,Francesco Chicchiriccò,2012-02-21
85705d53691e9d5a30f241be7770988564e18d20,Simone Tripodi,2012-02-21
09fae6b573d5cf5360ea9f1310fcc2146e59ad7c,Francesco Chicchiriccò,2012-02-22
599e678a64ef2947665796c0c1908981339d86c7,Francesco Chicchiriccò,2012-02-22
6d6d71a6b26e743f3fe397f0cf7fa91930845787,Fabio Martelli,2012-02-23
c7febaa2abbf478aead3a3678d71b02d00dac1be,Francesco Chicchiriccò,2012-02-23
b85f91f2c59dae1e687eca74ac1cad4886915e0a,Francesco Chicchiriccò,2012-02-23
518e134ad10a20eeb677e26bd458b3c21ce2ce4d,Francesco Chicchiriccò,2012-02-24
814a421cda8bc44228344d53a9cdb6d3671e4405,Francesco Chicchiriccò,2012-02-24
96584115aba57b3628b87512b49214ab22af39cb,René Mulder,2012-02-24
2c0ca3967173acbce785f8c95d72a5c2e7ead472,Francesco Chicchiriccò,2012-02-24
95906cd1ca9d63830a5f0b6a02b5d2eaf4d64560,Marco Di Sabatino Di Diodoro,2012-02-27
8d87cf16b3692453e61ceabe913ae82fd6d42816,Francesco Chicchiriccò,2012-02-27
07295bfc568c037ee941f131da70be18031d33d3,Francesco Chicchiriccò,2012-02-27
135ffab052e83b2766a11ceab5dd3e915024e061,Francesco Chicchiriccò,2012-02-27
206e754bec8169cc6c77e98f1535c499717634e0,Francesco Chicchiriccò,2012-02-27
1bfd67a1516f92d041fd6a235e72b420adaeaef0,Colm O Heigeartaigh,2012-02-27
f283708185859d86ca8b451c8c4b7e833dda7058,Fabio Martelli,2012-02-28
4a462756e4bf106f4ffa59640acbb962cdaaf04f,Francesco Chicchiriccò,2012-02-28
88959dace1cf2199a3e87ca61259f5e78af07118,Francesco Chicchiriccò,2012-02-28
5b42ee2cf1e6489193876b1fd26205a571f733fc,Fabio Martelli,2012-02-28
9e0d199b898bf7bcec61330ec695f785b0da8cdb,Fabio Martelli,2012-02-28
7bb3d0af3c7d44cfd351f41bd5befc4a4ff92a28,Fabio Martelli,2012-02-29
5fbe9f6673def8047f655c2c11a34fc0b3db3a68,Colm O Heigeartaigh,2012-02-29
88e7f6e1ea6eaa7bc9e65a784860ae83165110dd,Marco Di Sabatino Di Diodoro,2012-02-29
651ed51aa27b0813788940083c28a3c06a612e44,Marco Di Sabatino Di Diodoro,2012-02-29
17f7f5a0b91d696499d6570b3e7f53904be1e25d,Marco Di Sabatino Di Diodoro,2012-03-01
0a5bb7c528e9a8caf6df78834d259c8c7275add2,Fabio Martelli,2012-03-01
3688df9e7278acdb08f8b098043163321e895630,Fabio Martelli,2012-03-01
d4ba6713168c4109ed02dca656bd8feae2c0b38c,Francesco Chicchiriccò,2012-03-01
e797a8c4ba8e04129e25713db98520105283e58f,Fabio Martelli,2012-03-02
f2c03344bd6ab0e55e470daadfd2434e11e8678a,Francesco Chicchiriccò,2012-03-02
1fe1bf2dd642b3e4f167a95adfc2b4283ee7ba22,Marco Di Sabatino Di Diodoro,2012-03-02
ab63c04ef4435967044a9de4061812ad0bd8798a,Simone Tripodi,2012-03-02
945a38fffc703177403ffb0ab17fe4059477a31c,Fabio Martelli,2012-03-02
da86f70159833936b09c5d0940414e519ac1d43a,Fabio Martelli,2012-03-02
3d40c0df5751f8b9aa82c97fe89a5e826557106c,Fabio Martelli,2012-03-02
69bf360b513ead311cedb6b57a4c853f2b505d34,Fabio Martelli,2012-03-05
359ffa9c8ae7839065ace40a1e4f2e6548d71442,Fabio Martelli,2012-03-05
9c3b66a27ee7399b3c3e2f98889fea63747e8a0f,Fabio Martelli,2012-03-06
0eb93961a0798276d3ddf8ae7dec1a4824e24b15,Francesco Chicchiriccò,2012-03-06
b7eb6c58c695f9e049d615452253c5405c7183a0,Francesco Chicchiriccò,2012-03-07
2311a2e0bfc8073c5f7424fb73dc24b24cbab2c6,Francesco Chicchiriccò,2012-03-07
dd02660c060fac2fe5b668394c34a73f9714452d,Francesco Chicchiriccò,2012-03-07
d5a2478c8e103ccc3c6f4dac1301993a3ad3b27d,Francesco Chicchiriccò,2012-03-08
28477954869e9513477f6b2ebdd262d3ca1b9c6a,Francesco Chicchiriccò,2012-03-08
afdfd9dc41b08aba8673586d9e94c2a47958ef2a,Francesco Chicchiriccò,2012-03-08
537d12a9483b0383853aa7637feef39e07d37ff9,Francesco Chicchiriccò,2012-03-08
75aa600f539b42bb3fd9505f032185eb8ced6714,Francesco Chicchiriccò,2012-03-08
b04805a8eded18ee6c7d15eeda567a5e849186e0,Fabio Martelli,2012-03-08
7819770c77e3577f38ddc1b6a2f718409606b628,Francesco Chicchiriccò,2012-03-08
53e6f4b87e9d6bd1983c0bed221356f3c522e06e,Fabio Martelli,2012-03-09
75f497793d3ac0d46af2c607a9fd7450169b7d5c,Fabio Martelli,2012-03-09
f67a07273731bf1314932834b72cee587584a1c7,Fabio Martelli,2012-03-09
e92e325bb93fbb2a2f46050bde0b323893c8df4e,Fabio Martelli,2012-03-09
5d9e6826f91305b890bfd2f2ce8bd1c298dded72,Fabio Martelli,2012-03-12
651f968c7a7cbd18828749eda15000b3a72f689e,Fabio Martelli,2012-03-13
9ba31b2eefd37f1055020ea38cd58551a5303990,Fabio Martelli,2012-03-13
90d9c46a8dd0da6f6b876e158cec37b8b4dfd9a9,Francesco Chicchiriccò,2012-03-14
070da07b6ad89208705f6f6b96bfa2eef845f29a,Francesco Chicchiriccò,2012-03-14
d6ce963ecc7f8d51d273460bd9336613cc24b49a,Francesco Chicchiriccò,2012-03-14
888fbe338407601733b1f77a13127a660e2cd8c1,Francesco Chicchiriccò,2012-03-14
1c8df494c6010f68b687779e2906e17dedd9bce5,Francesco Chicchiriccò,2012-03-15
536e95bb6f35841b954c11fe033d3f4da1f661d5,Francesco Chicchiriccò,2012-03-15
73f63718bfb17a05c55c5838c6806fc171b4edeb,Francesco Chicchiriccò,2012-03-15
10f7cb47aaf9449c18c8ab21d39ed77aa482bc34,Francesco Chicchiriccò,2012-03-15
0097f9460bfff5c3c2253e32201096d3c95b9ace,Colm O Heigeartaigh,2012-03-15
94f4b22d09f15dbb3993999213288148a0b3dba0,Colm O Heigeartaigh,2012-03-15
fa22d73ea631e110fd7780d89112b9d83fdff51a,Fabio Martelli,2012-03-16
606e32ec4f8c3e184dc58702862516705a71a0ad,Massimiliano Perrone,2012-03-16
047fc4764ef9cd813d79103853713543600b7078,Colm O Heigeartaigh,2012-03-16
58bb8b3e09ec5201c3ffbf155e65b6c6134bd085,Colm O Heigeartaigh,2012-03-16
3073ce6c89130e336e887435e1b2e2f1e7c73411,Dino Anzellotti,2012-03-16
8d5c79e522f6e80a5556f81b89fc99d892a29504,Francesco Chicchiriccò,2012-03-16
976dde24a8f1f5ff50ed2f2b30a1ad41dbaa54e3,Francesco Chicchiriccò,2012-03-16
d931adf1ac0831034cb1bdcf9875bd0561921123,Francesco Chicchiriccò,2012-03-19
648bac6f385e91bc18f8663fb31897aba451d1e9,Francesco Chicchiriccò,2012-03-19
437ff42708099d39d00eedf4d5e5da9cb0503637,Francesco Chicchiriccò,2012-03-19
798658d69465569a74eed6c727b9d05fde136c28,Francesco Chicchiriccò,2012-03-19
8b9d7322a78f2176f56cceea5997c0930f31a92f,Dino Anzellotti,2012-03-19
d1070a85bd2f33083824c5406531487787121443,Colm O Heigeartaigh,2012-03-21
411736c86cda90538acca29a48bb4fe8bd3eaacf,Francesco Chicchiriccò,2012-03-22
fa87947a1f681a37fdc4619ee9066945819ca50c,Francesco Chicchiriccò,2012-03-22
304d2afba91fc7f82bc084a592c5c3b62cf89982,Marco Di Sabatino Di Diodoro,2012-03-22
611325b9e844a993865feef385b062aed1db70c8,Colm O Heigeartaigh,2012-03-22
b19fc2ae8720cd1c4b217b26ddf9585272ccb829,Francesco Chicchiriccò,2012-03-22
8b38ff49391f0330fe8a1539fb3b58cd6dcca4b7,Marco Di Sabatino Di Diodoro,2012-03-22
c8197acdfd385c92771ae0386acf5a8bef5d97ba,Marco Di Sabatino Di Diodoro,2012-03-22
b2d885d6f0e75fbd5e7fdbb956a23a8c273214a1,Francesco Chicchiriccò,2012-03-23
04979883e34a962b8497cfecd5643d648043c27e,Fabio Martelli,2012-03-23
3f70df604bc03a8c13ac750242c2642200c91ade,Francesco Chicchiriccò,2012-03-26
2c3521cfeaa86214ebdeceaa88f26bf694b43ab3,Francesco Chicchiriccò,2012-03-26
7b740e6a11342839c54ed59ad9c50b87b8082d11,Francesco Chicchiriccò,2012-03-28
1715f3a72776466fe90dd5040febc8c5de577787,Massimiliano Perrone,2012-03-28
941a5c62233d13f4d0a27cf2408f7a32be0f42e5,Francesco Chicchiriccò,2012-03-28
e8c80ab9ffe0b717a178fed74a181ae733e15a26,Fabio Martelli,2012-03-28
c5e6972cbc312bbb780741185da8483e754512e4,Colm O Heigeartaigh,2012-03-28
7b2b2cfbe871e6e89467466cb112b2271d506be3,Fabio Martelli,2012-03-30
db5a12d124c58af82a1622c9ecd5e062ebc713b9,Francesco Chicchiriccò,2012-04-02
06f8627caa00390eae2dfc24fc5903fd1cc1d0eb,Fabio Martelli,2012-04-03
787e8f01382c65fa151f1b1590591b83dc333c5d,Francesco Chicchiriccò,2012-04-03
7fa6b0d94674dae9ae580f81efef16295ebc26c3,Francesco Chicchiriccò,2012-04-03
dec2bc9922d02612f5777f63068d6b72219d4a3e,Francesco Chicchiriccò,2012-04-03
0774fcd6bf015cbea4d986fadcdb2302f72317be,Colm O Heigeartaigh,2012-04-03
98226ba7a0c93866765f172a00b9fdbf3a84aba9,Francesco Chicchiriccò,2012-04-04
074201c7afdcbf7f2f11ba45aa5310da3eb25195,Fabio Martelli,2012-04-04
2951d46a0032df6c201d5bff64e6e1d8b71e43e1,Francesco Chicchiriccò,2012-04-04
b3b389cdd61adb3a142d9696fd0334def032138b,Colm O Heigeartaigh,2012-04-04
4305a1a0e41d29a0251e09eb6880cc5c4a1a4efb,Francesco Chicchiriccò,2012-04-04
4ccc9cdf14a413bc481ecb7e50db6d75b6b15d41,Francesco Chicchiriccò,2012-04-11
cb68d3a11decaa20b7a57083a83370ae1aaa7966,Francesco Chicchiriccò,2012-04-11
8d2caa63b96d444f6d76ffba8a911ab0ba40fdf1,Colm O Heigeartaigh,2012-04-16
e4d85752fa677b7255d3e011b6d5bc4d27ae2e10,Colm O Heigeartaigh,2012-04-16
345a73dba31e26d016d1a5f591205f906a963216,Francesco Chicchiriccò,2012-04-17
a89b2f199419e8377e6c1ca6e7fff4a3bc21fa5e,Francesco Chicchiriccò,2012-04-18
630dc73548ce378e95acb50e122b612eecc2988f,Colm O Heigeartaigh,2012-04-18
82e39cc1293d76c467f005efa8dc103baeff35a5,Fabio Martelli,2012-04-18
851cdd64e3b4f27d542c65449d50d716c3acea3c,Francesco Chicchiriccò,2012-04-18
b1cb9cb3a92d4e00ffbbabbcc2b65aedb5977550,Fabio Martelli,2012-04-19
d5c527ce544ce1fdf54d98ce30e9066f5d6a7248,Francesco Chicchiriccò,2012-04-20
dece19780eb3881e678c56bfe73d776dfbb997c6,Francesco Chicchiriccò,2012-04-20
485a112af8538eeefd498fb47fc2f0e29becedef,Francesco Chicchiriccò,2012-04-20
3db61f6206c270f37a17e2ef0d3daaf6cfcb1d75,Francesco Chicchiriccò,2012-04-20
5c49e65b1687f13977b1437edd6888b8ce2245df,Francesco Chicchiriccò,2012-04-20
6bca8b8bd85fc6134d0d077877972c3e23cc0e4b,Francesco Chicchiriccò,2012-04-20
45ac3907985a0b1f0079570fbd1016a78ab8715c,Francesco Chicchiriccò,2012-04-20
e724b52c05cf9b2bf3b020885e0b45f6440c9dc2,Francesco Chicchiriccò,2012-04-20
9516cf28c8a397dcc802f0690906c0974d80bf3b,Francesco Chicchiriccò,2012-04-20
51dd9adeccb9ba2b845ad650ae5bd90d776f3a74,Fabio Martelli,2012-04-20
7a37bd10eb00e8081cd39ee01b07c3642f21f80e,Francesco Chicchiriccò,2012-04-20
f4cdda3ddde7ab73607efb6af29a65034545fbab,Francesco Chicchiriccò,2012-04-20
7fb27d9d67fa0d239dbef14102a85b48d33054ac,Francesco Chicchiriccò,2012-04-20
73f5734def2a0501f157357e3499798e7e53bd6b,Fabio Martelli,2012-04-24
b21c225bc52aecbe3cd39ca3b913418bf419574f,Francesco Chicchiriccò,2012-04-24
3fae3905d63d5d7d2164f103136f1e3105de1ec6,Francesco Chicchiriccò,2012-04-24
2b32bad85a151fa81c71ba4eb2232f5ff58b4f4c,Francesco Chicchiriccò,2012-04-25
9cd42d5d67f04931ac1224965031dbe7a6a03d94,Francesco Chicchiriccò,2012-04-26
d69bf1dacc1b142137f3d4b71e3c1a12df20f489,Francesco Chicchiriccò,2012-04-26
969ef186f563172f3425ba69850bd2bb33b93aad,Francesco Chicchiriccò,2012-04-26
bb18ea5f1aa990efc8e487308be0513d003004bd,Francesco Chicchiriccò,2012-04-26
fac4981eacb940d8bd8278d3ed929a6cb53c64f1,Francesco Chicchiriccò,2012-04-26
5dfb5f88a746423fe5649ff6c5c2a5a733517443,Francesco Chicchiriccò,2012-04-26
06f87667568fadc673aca8674649c0c436d3736c,Francesco Chicchiriccò,2012-04-27
774c036cf4ed212aad24de596561b87ba0812c93,Francesco Chicchiriccò,2012-04-27
082c46493d2a653353e890a6ef03ab2e00365bd7,Francesco Chicchiriccò,2012-04-27
5e1456388a4a14bec170ab67a6b7cc38af774de2,Francesco Chicchiriccò,2012-04-27
8fe564e06e1d8e6415ad204b0cd3c0bb66d31c24,Francesco Chicchiriccò,2012-04-27
d48a10ea6630d981778ec3739e961c99d413e5a7,Francesco Chicchiriccò,2012-04-27
02a3751a96d4a42d95290ba05f29d4cb39a55955,Francesco Chicchiriccò,2012-04-27
d22599e4bb2f2ab8e372b9f43280bb2a94459fa8,Francesco Chicchiriccò,2012-04-30
e55959c62ac89e395c4c47ff2f24358438a4f15b,Francesco Chicchiriccò,2012-04-30
79e54c7380adeb890a4976b6f2249fb741668cc4,Francesco Chicchiriccò,2012-04-30
f342461ada5db3cd86d444ce755a8f5ad5dc7d11,Francesco Chicchiriccò,2012-04-30
14254596183c3ad0eaab06cae40f72fa0c3a5516,Francesco Chicchiriccò,2012-04-30
98649493b44e9a94c14c6f7eebaa7f3c5c7aa11a,Francesco Chicchiriccò,2012-04-30
2050deed6f0b361cd69c5343776692afc619e1d0,René Mulder,2012-05-01
44485769616150be26ea30de13cd0a270d686d4f,René Mulder,2012-05-01
22be265678705f9a4e0e1908c160ad219a575759,René Mulder,2012-05-01
feb6b6697f0cd8338cce4a6d859aaaa6f10fa9ff,René Mulder,2012-05-01
de7ac709b4505a541370e56684cf94f70537d125,René Mulder,2012-05-01
cdd152c2f0fdb119e58a233cedba3511c4530691,René Mulder,2012-05-01
8230ff66f6e04a42a99bab0f2348859f2e5e7ff3,René Mulder,2012-05-01
cd2883c14453e10e99d3df700032ac83f43adf08,René Mulder,2012-05-01
09035d492076df4bbf98072e41cd8211a79bace9,René Mulder,2012-05-01
cf44bfec27743ceda83123e41cf14f38a88bd76d,René Mulder,2012-05-01
9665a16fd46434d42ceb9f7a2589613b30988c85,René Mulder,2012-05-01
15efb71d385a019a891324ed4a8381e9148605a6,René Mulder,2012-05-01
f45239a0034cb9c389ccee7f33fa4f11b1be371a,René Mulder,2012-05-01
dea236808d22dd69b1e157d8c7795db0e4746a56,René Mulder,2012-05-01
85d1edcbb39fa2b8ae7f6676882924293be9d5b8,Colm O Heigeartaigh,2012-05-02
547722cf2af91ebd01bffcbfe4b222f172dd9d59,Francesco Chicchiriccò,2012-05-02
524a083bed226c4252e139a950db2b0c257dd962,Francesco Chicchiriccò,2012-05-02
306f0168849ef2f38f01f6cb15e449f31717b3b2,René Mulder,2012-05-02
2eb202c9e0bebcfb64083d05104608f136bc9b38,Fabio Martelli,2012-05-02
4d87f7b49f3a16a7ec8c70f509e4375b043d1ece,Francesco Chicchiriccò,2012-05-02
ef375c53b887dfa6855e721ea959a6897d29e326,Francesco Chicchiriccò,2012-05-02
683ef3a9392a665dfa8c6190bc73c5b26c191b24,René Mulder,2012-05-02
c17f56572da750b2966b6c5d3f26ce0b3d88f0bc,Francesco Chicchiriccò,2012-05-02
3ac4e433765a87d3ef3ab59528442907c7d48c6a,Francesco Chicchiriccò,2012-05-02
ddcaba3fb0234c4ccef248793bce0e7f9dca0a28,René Mulder,2012-05-02
01236882edb1e156e21e4dc50964f487e376919e,René Mulder,2012-05-02
15ec3af5c91ac2a1d809cec87424f32b33bc25d6,Francesco Chicchiriccò,2012-05-02
b242141f7e13001609be62aff0e7236bf2fe2587,Colm O Heigeartaigh,2012-05-03
e64c3b6adf4412aeb784e75cec727361c407666d,Francesco Chicchiriccò,2012-05-03
f58fd03305b91bd434e3a7c85a70b3eab470be3f,Fabio Martelli,2012-05-03
22be49cc0a0eaf74139958b728a8dc302df4b780,Francesco Chicchiriccò,2012-05-03
600969fce8379657234eca563bffa5e80637e303,Francesco Chicchiriccò,2012-05-03
c8375acdcfd578c4fa00acbb8642db4d67e7047f,Fabio Martelli,2012-05-03
e2f69893e62e256506b4a26a49f93ecf7307f300,Francesco Chicchiriccò,2012-05-03
3dbbfec21a5b1cadcb5c80b4bdbf198a067b9e50,René Mulder,2012-05-03
8e7399e636b0eb74f7a2bdcfc070345b44246d34,Francesco Chicchiriccò,2012-05-04
39fe241fa1f15f91548f1c468675505c1c73f890,Fabio Martelli,2012-05-04
29e06756d49513dc32d6ed9eef4ec804e77bb516,Francesco Chicchiriccò,2012-05-04
ce43d66932693ce35ec9434a164d5400ce373c9a,Francesco Chicchiriccò,2012-05-04
f4c5098908e5a8cad438d4ee42fcc041274dda9c,Fabio Martelli,2012-05-04
4ccf70ae2bc2af73eb81fb7ebcd0d824f626b9fd,René Mulder,2012-05-04
cc6d9e8ae8f7062ce4d8b287e454fd48fa4908d2,René Mulder,2012-05-04
9f5645348ceb6b49c1d98ba7b5b567797007ee39,René Mulder,2012-05-04
78cf8751dc064fe7c6130bd652c9b4d8326035e0,Fabio Martelli,2012-05-04
8e2e97eb17b78f7add92a6697ceb575f9d9fbbc5,René Mulder,2012-05-04
18677b074f11019f7b88ba71f9b95f4277f87366,René Mulder,2012-05-04
e90cc50c2f1b3e4d9f928461717b2454de03d471,René Mulder,2012-05-04
bcad08c8a414d07aaa9bd04430173a7b5d794363,René Mulder,2012-05-04
7ddbc844cfda5cbfac6e81af4c80572e82587d1e,René Mulder,2012-05-04
7273e2c88a4a0ee97877e3d856d58a11893af788,René Mulder,2012-05-04
dd3d5a9f6efeba032e453189a77fd6af06ff58a0,René Mulder,2012-05-04
2ea9a5ed574461407e0fed989dd3ff2cab4ad232,René Mulder,2012-05-04
fcf5c754bdcff6e132110e34d7151feb26f28210,Francesco Chicchiriccò,2012-05-07
5df8af580d653c06a52dcefd8c4bca9875143eb8,Francesco Chicchiriccò,2012-05-07
d3a9ec3c744b14c0c6d9ae163d2a1489781f5a46,Francesco Chicchiriccò,2012-05-07
2dc34192ad84189dcd9a580d659000f9a896f086,Francesco Chicchiriccò,2012-05-07
811278f3e65a7c6a897a5c7e0aa9b7456a844c11,Fabio Martelli,2012-05-08
35e1e2777c24ac767566ee620aec10d8a6bcbcf8,Francesco Chicchiriccò,2012-05-08
e0f9eb0a0f8a61bd8c64af9aa9f844c60a1c16bc,Fabio Martelli,2012-05-08
10efb3295252f9f18b0d3fc55bcbb51655e68f26,Francesco Chicchiriccò,2012-05-08
a013c722b94a3f4a3ff7e09c3d2927f5455dd3ca,Francesco Chicchiriccò,2012-05-08
77a166b35e638b9268d157df0f75a4db3e1c0ce1,Francesco Chicchiriccò,2012-05-08
2f4492886be0fd6c602110c1c0259d311bb19fa9,Francesco Chicchiriccò,2012-05-08
4857c0f65bd1710bbad0eb8dbf4059c80b6de2f7,Francesco Chicchiriccò,2012-05-08
f516cd9e2e5de1efc1ac7f7d253d16f0c60b87c2,Francesco Chicchiriccò,2012-05-08
6216954349096bdecca3df813eb2b32c5447337c,Francesco Chicchiriccò,2012-05-09
ad77c53f95f8ca16314a24d344a4d44c8df11979,Francesco Chicchiriccò,2012-05-09
0d07627a1f212a9aba5434c682d7a791affe80f2,Francesco Chicchiriccò,2012-05-15
b0d947ed5a6fcfe9226fa32f05aac93fb9e97f41,Francesco Chicchiriccò,2012-05-21
4babbbb40059482cc17fa1b3b7493860c17f5f79,Francesco Chicchiriccò,2012-05-21
247286fbfb4410e6f415e1b57dd2eb7925c37c1e,Francesco Chicchiriccò,2012-05-22
2484ac088c57c420e2aae65c6ef93833fcfb3eb5,Francesco Chicchiriccò,2012-05-22
461ea51472d1978afcbaa4484b05ba417e444c72,Francesco Chicchiriccò,2012-05-22
f5bea20150bbe32a60bd88d222a0f5d9b806909f,Francesco Chicchiriccò,2012-05-22
fab375d42e6503624fd412f29cf0b8a9a0ebb2ef,Francesco Chicchiriccò,2012-05-22
f64a30881e280e67ad68d8e4da13f63eb817aa2b,Francesco Chicchiriccò,2012-05-22
98a784cbff5cac2e1382978cd1a6f23d75152e91,Francesco Chicchiriccò,2012-05-23
4f6f13ab3738001d7129e2009e50ebed1e201200,Francesco Chicchiriccò,2012-05-23
749d1774c7979e962ac3894ef94c37b41a6a4962,Fabio Martelli,2012-05-23
d721a1c7ddfff065eefda4078504b8d0dd408541,Francesco Chicchiriccò,2012-05-24
f9d2c8ee1e2e5304ff8123d9c97d4f4c997bfc27,Francesco Chicchiriccò,2012-05-24
ecc1d4666a53a3b0e5e71ad68f730f5e596e4e95,Francesco Chicchiriccò,2012-05-24
c11ccb1f4655021958b66d15100231af7e16a1a1,Fabio Martelli,2012-05-25
6c2d4687f200e0bf3cabf6dad32e5f0181a6e932,Francesco Chicchiriccò,2012-05-28
723417198e4708a5e0fae91c2ec352a4cda127b2,Francesco Chicchiriccò,2012-05-28
22680b992f1b181d59567458d60c7c1398dccfff,Fabio Martelli,2012-05-28
7ccf7e0716ff8e053a173ac913140ee3c2231917,Fabio Martelli,2012-05-29
cae9834cccaf1f40372ae40cc60404b041e025ba,Marco Di Sabatino Di Diodoro,2012-05-30
3bae2384479ab7ccbbc43f592c275adac43bf931,Francesco Chicchiriccò,2012-05-30
a95621b8912f2114b67e3533351bfe7d7868aa6e,Marco Di Sabatino Di Diodoro,2012-05-31
0b6854ed637c52c9c6ab211b8001a0d204a34d14,Francesco Chicchiriccò,2012-05-31
2bc256d8012b08a8fe559fd50c798719347136f4,Francesco Chicchiriccò,2012-05-31
9ef956bd5873ed511cd1e03742a00f56cbc12e27,Francesco Chicchiriccò,2012-06-01
7ecf03223bbbd3e08e9a6bdfd6dd19137bdd6c96,Francesco Chicchiriccò,2012-06-01
3a5701438765f33e11683ba3b8b2ca260b0dff5e,Francesco Chicchiriccò,2012-06-01
98b86da287c6717cfec02a7243b6bddbf679636f,Francesco Chicchiriccò,2012-06-05
f0de1b78baa544c16365f72e643101b62dc0524e,Francesco Chicchiriccò,2012-06-05
17918d8135c1abb428cad23a622a05c8ae25ec74,Francesco Chicchiriccò,2012-06-05
5ade8dbcc91857cd9c3c6d481113d50521781d72,Fabio Martelli,2012-06-06
5f0bfbd4565219250baf4b6105143aa949ea3957,Francesco Chicchiriccò,2012-06-07
940e35cf1e86654bfd3407a31d334f0d598b477d,Francesco Chicchiriccò,2012-06-07
0b58b797fa3afeb51b601603a1b8b2f8a9ed952c,Francesco Chicchiriccò,2012-06-08
2b486596b660d426a4bb2a0630f60d5c68eb760c,Francesco Chicchiriccò,2012-06-08
70dfd086dc579e532b4cc7e5343cb88ff8afd854,Francesco Chicchiriccò,2012-06-08
1969e756c44b3eb2d876e9dfa349962274bdb42c,Francesco Chicchiriccò,2012-06-08
fcdf9425cb7167bd17b41833a2883c723779d6f8,Fabio Martelli,2012-06-12
47460136628e329bba21c4435acef27a64681026,Fabio Martelli,2012-06-14
29db8d4e6ef19ff1d61bc6e03ec431bfdda86d45,Fabio Martelli,2012-06-20
31ce4d9fdd5308711674fabdb355566572521d19,Fabio Martelli,2012-06-20
21b8f02e504f357809e986cb24966b68b39627bb,Francesco Chicchiriccò,2012-06-20
034b1aa52174d1f3dc371f69bf640f057e740ded,Fabio Martelli,2012-06-21
d5ca7e9a2357377821e09a4cb361541a2c171dbe,Fabio Martelli,2012-06-21
48a4129b15cb42fa0a02726784e92810cb034930,Francesco Chicchiriccò,2012-06-21
d5cf4047b732444e65d76bd16496131cf6d5a49a,Fabio Martelli,2012-06-25
037b95133f956fd8a36641cc55c2ae152daa1aa6,Fabio Martelli,2012-06-25
2d8c8ac93b5862d6dab3a189b254dd26d5248a16,Fabio Martelli,2012-06-25
c91de6fa41b0a40117f26be43dba6ba3a97e1e54,Fabio Martelli,2012-06-25
fe29b009f19da54e62376ce5a2611c7f89d20a4a,Francesco Chicchiriccò,2012-06-25
8e85c2ae4ab142307eb646714c53deeb6f7f68ea,Francesco Chicchiriccò,2012-06-27
79aef0f8d5dd0fc14bf2082bc0d51d9ea384c5fc,Francesco Chicchiriccò,2012-07-02
9e0735e633d499d2b94ab6db2cce79763113ea44,Francesco Chicchiriccò,2012-07-02
de50d27a8a220b5462e24f8bd3b2aae56558eef7,Fabio Martelli,2012-07-02
630d78f985f81ec6af45fa2ddec23a92dc5064d7,Francesco Chicchiriccò,2012-07-03
38af5f925bd9f98657368c5e85fc0e0bff17fafe,Francesco Chicchiriccò,2012-07-03
ae9fcd463d7ee10152469aef6193dc2768aabe6c,Francesco Chicchiriccò,2012-07-03
3cc85dff357f83dcc911ca302587c2cf6bcccf7e,Francesco Chicchiriccò,2012-07-03
87a99779601bf0a417a5abf944a3530f6eaefa2d,Francesco Chicchiriccò,2012-07-03
1b55b825600436f01197c3da7c52fa7b59777da4,Francesco Chicchiriccò,2012-07-04
0acf6a7f7f448ab4ffe3930aa179e47c120b3920,Francesco Chicchiriccò,2012-07-04
b5873e9b15dda14956c5a7f3fb88df7ee32c8cd1,Francesco Chicchiriccò,2012-07-05
2f6e4900be032e1716b1cfc64074745878f3c91b,Francesco Chicchiriccò,2012-07-06
f0b87d95b288d59a9b617abcacedf184ffad4c44,Francesco Chicchiriccò,2012-07-06
561ba1cd2ef872895a64c9f6909ccee04c33568b,Fabio Martelli,2012-07-06
e2227e26c0fcdec88115067d99cb7e15954ee9cd,Francesco Chicchiriccò,2012-07-09
6e61c8622432869ef77737f034f981fbfed1add5,Francesco Chicchiriccò,2012-07-09
d4f17fc20aee8893cd1defc14ba2a05fa39d6cbd,Francesco Chicchiriccò,2012-07-09
919a8b8c1e0d623f9409f69d5b004e60b46a6205,Francesco Chicchiriccò,2012-07-09
4180856f8e7bc0b8c74d1acb24025f231238fce6,Francesco Chicchiriccò,2012-07-09
33386146b8dc615e810fba749661debbde1b0fa1,Francesco Chicchiriccò,2012-07-09
4eba23a2844fecef7402e73f8ce5f10af73afaf5,Francesco Chicchiriccò,2012-07-09
8b78e65b6c8a9f236fdf202cd63a236e137fa68c,Francesco Chicchiriccò,2012-07-09
d774882eb822dc46454bd4a1546a7779b7671a41,Francesco Chicchiriccò,2012-07-09
e7c6b9d7acd5486c96d656d2347240cffeba9ccd,Francesco Chicchiriccò,2012-07-10
f5a21661db2a86846ab3dea737d63fb3e1609be5,Francesco Chicchiriccò,2012-07-10
fcbc8473b22bb4049bbeb7c973551fc474783aa2,Francesco Chicchiriccò,2012-07-10
86d7c111b87bd9c2d23723f7f1fbb08c2e45474e,Francesco Chicchiriccò,2012-07-10
7b003d6aff1366e77293d2f669f37b8a7f152d63,Francesco Chicchiriccò,2012-07-10
da1df4f03124e20ea2e7f487913cb21e502d9732,Francesco Chicchiriccò,2012-07-11
323fa38247475eac34ba35b61b01d0b732df8c6e,Francesco Chicchiriccò,2012-07-11
50fa17124577b09098c4319f716096784b03882b,Francesco Chicchiriccò,2012-07-11
2cc6bfefd4985e6dbddd4c55f4868f09b3f6b9d9,Francesco Chicchiriccò,2012-07-11
9af846542fd2c69cf46a9b21d5672eff8b271ed0,Fabio Martelli,2012-07-13
d279f6e6bf79628642e4dfb056e5e3ee18e86ddf,Fabio Martelli,2012-07-13
ce74792223c370a5fc97cb302fbf5d874bd43d30,Francesco Chicchiriccò,2012-07-13
04c1a55d2a7c44f52e282aebe08cf68172433e6b,Francesco Chicchiriccò,2012-07-13
8948088ddca0eef141d06ddbd9459fa073f67158,Francesco Chicchiriccò,2012-07-13
2596621a12928f0553c70408afa7eea0dc1108ef,Fabio Martelli,2012-07-16
66bfdf75f78725c9c1c8add77c250c180ad300d3,Fabio Martelli,2012-07-17
7e09931bbbea8c4bb87ffe00290794ccf17345f7,Fabio Martelli,2012-07-18
bfdbc414d146eab8b5d3c3cc2841b105e5ce8979,Fabio Martelli,2012-07-18
38b00fa8568f30de48136d9515d8da358ec0ef04,Fabio Martelli,2012-07-18
ae758caa603d335634503d0703bb0e402253f08f,Fabio Martelli,2012-07-20
7c8c6cba48023dc2c56d4d9412d45b0ae27aca63,Fabio Martelli,2012-07-20
ad0f58cc7e86f7499122c6f193b477c9538b3036,Francesco Chicchiriccò,2012-07-24
9e3ad215f6ea8ed698bf31005d2f831d766368c2,Francesco Chicchiriccò,2012-07-26
cd1c3df2ff3d35db8b908b89a60b7ff07a7c8902,Francesco Chicchiriccò,2012-07-26
dd5ed2621dfd62995d516e189b6864a1fc6de5a4,Francesco Chicchiriccò,2012-07-26
08b92d5d83f387f31db37b48d622b29d71dfa84c,Francesco Chicchiriccò,2012-07-30
49bf4b8f3db79de56f35888048066f6345eba04a,Francesco Chicchiriccò,2012-07-30
e04fb9c83775c2437612bd442849f57139cadc9f,Francesco Chicchiriccò,2012-07-30
291fefdad519fdcc9c84374a80605410d54102c5,Marco Di Sabatino Di Diodoro,2012-07-30
398d18042da87ee25cdf4b3dc045cd08d49b7909,Francesco Chicchiriccò,2012-07-30
b75890d92599e0e973ebaae9d79e39268d94471d,Francesco Chicchiriccò,2012-07-30
461dea9709ede5b98a073ce269dc1f9642127357,Francesco Chicchiriccò,2012-07-30
c62251dd1c4e7ff46251067af3182ba3efe809af,Francesco Chicchiriccò,2012-07-30
345458ab9153d6aa6a9fcc5096398069bf7bb519,Francesco Chicchiriccò,2012-07-30
fc9d1e82e495791ab0c6e9a6dab85c95fa2a438a,Francesco Chicchiriccò,2012-07-31
ac78fc54c08ac4aa83a15fb7aa34752fff6af5e3,Francesco Chicchiriccò,2012-07-31
7643c685777069765ed7e7baf006dbb817fb1d20,Francesco Chicchiriccò,2012-07-31
02d62e07e558ca921b095f77335534b6000964f7,Francesco Chicchiriccò,2012-08-01
bb4c115dc1e7510e41f3114fe4a148ec6ba19dd0,Francesco Chicchiriccò,2012-08-01
fbae63fe2dabf60156ec860e926ec71854657320,Francesco Chicchiriccò,2012-08-02
efdb43f9bd3f8e49c0c85c85c7a169ed474f5bb4,Francesco Chicchiriccò,2012-08-07
1307ad3f3e3bd843070ad469c515285f111ca949,Francesco Chicchiriccò,2012-08-10
d98138fc9b0eaca3a8cb9ad5af1f4d889afc069b,Francesco Chicchiriccò,2012-08-13
eb1bc9eceb3eb1f3c88d40fe8c4313967874250e,Marco Di Sabatino Di Diodoro,2012-08-13
ef7d1bc8a2509450079ec22cf1edb51fe27d030c,Francesco Chicchiriccò,2012-08-14
f7b46d67fb5979c5175185b20e3ca54a44fe2497,Marco Di Sabatino Di Diodoro,2012-08-14
945a21ed1a2e43f80ae49c5b72bc3f251536a9f2,Colm O Heigeartaigh,2012-08-14
7365b49c57bb54fa57bc52d751f9f9b506adafdb,Francesco Chicchiriccò,2012-08-14
f95ad4f11d6d9880d2dd44799c7880402bc50a36,Colm O Heigeartaigh,2012-08-15
a2451a94efa7436f938dfd0dfb5afec118a10b31,Francesco Chicchiriccò,2012-08-16
46c93f5b7a2e7934e76af752ffe84aa17d144f75,Francesco Chicchiriccò,2012-08-16
c3da29ad3e59117919528eab162b5290eb06a12e,Marco Di Sabatino Di Diodoro,2012-08-16
631194f7d3e422da0062e4786e560f2e8552d2de,Francesco Chicchiriccò,2012-08-17
a193eb5d051b0f01203effcaccb19409c9656c64,Francesco Chicchiriccò,2012-08-17
fb47a2e4b233a1492ada0cfaeeec0c1112e406d1,Francesco Chicchiriccò,2012-08-17
bf6a717a47deda32495db4d7780e1cb741cf988f,Francesco Chicchiriccò,2012-08-17
cbd665c501e1f4dbe3b87ba269340fb13ec2e4f1,Francesco Chicchiriccò,2012-08-17
c2360bbe2302d3d6aae0708b2e7eb58a2cae05d7,Francesco Chicchiriccò,2012-08-17
a97b3968902ceac08965018c368859e882c895e2,Marco Di Sabatino Di Diodoro,2012-08-21
a434424daf0352d731373ea80c68fa24644f4742,Colm O Heigeartaigh,2012-08-27
881d88c01dab28f88b21ea7b735b10c8838d52e4,Francesco Chicchiriccò,2012-08-27
2cdfe00ff4a4d69bf10a51b7978a7adb8631dc01,Colm O Heigeartaigh,2012-08-28
ba1aa53f6f251a3f1427045dd9fe12f6d579c8da,Marco Di Sabatino Di Diodoro,2012-08-28
acc00c752cd71982ce5d8a93e5088ebd51f08c1c,Francesco Chicchiriccò,2012-08-29
4c4f2d8cf0b0f04d11b3c5374cf1aaa15b7deafc,Francesco Chicchiriccò,2012-08-29
d786fa8319b9eb39a73e35a2e78dc478cf9f0a04,Francesco Chicchiriccò,2012-08-29
b845ad3c7a8a4632af7207129224b86049a45ddc,Francesco Chicchiriccò,2012-08-29
966ed445108e07f32d6ca03f888e77bfb30a675a,Fabio Martelli,2012-09-03
d929acfd248a8b54f80a8043f6c3dcdf29fe036b,Colm O Heigeartaigh,2012-09-03
4f18f9ec68ebaa6840ef4620872b660e6423b9b4,Marco Di Sabatino Di Diodoro,2012-09-03
c2477eb8c5be64bf2746e8088fd1008848db5b9f,Marco Di Sabatino Di Diodoro,2012-09-04
d30ccdaf2a1a52d3477e071ced7ec0d05355d649,Colm O Heigeartaigh,2012-09-04
6bfba4254122878669ca1ec969152c00732769ab,Colm O Heigeartaigh,2012-09-04
9479176170aaf3b98f83cd3502552a04d27e3ec4,Colm O Heigeartaigh,2012-09-05
1dc0c095d979cecbb447d25881ad962d662ccd9a,Colm O Heigeartaigh,2012-09-05
85d7a181ca0aa7c7301a4f50f360ecef34445c0e,Fabio Martelli,2012-09-05
a83b509f8af6b410a3b3a826bb279333098cbabb,Colm O Heigeartaigh,2012-09-06
71caff3320664a0ae4a1adb1d19396fde0a1251f,Colm O Heigeartaigh,2012-09-07
b53d67478fc8b981ab133957d32e6c5e3d9d4e25,Francesco Chicchiriccò,2012-09-10
1eab74b460ff55611a81c65134d06ef84d5c1693,Francesco Chicchiriccò,2012-09-10
591fc8fec7909c8eb540fa5bdd94a45b3cf670ce,Francesco Chicchiriccò,2012-09-10
c7245bce993fb20a8f02133b2d1bb8478f993278,Francesco Chicchiriccò,2012-09-10
28b391720d21be09cf494e29a599a085134f5329,Massimiliano Perrone,2012-09-10
65682b3432163477e9a9a817d1d6731850f19ba3,Francesco Chicchiriccò,2012-09-10
2f0101d8e9c7fde3cf2eacb2bb535a46bfbb7bce,Francesco Chicchiriccò,2012-09-10
55442dac985bbc1d8763f0e8edacad4e24a88a6e,Francesco Chicchiriccò,2012-09-10
e39a39fa673fcda604c88f5ab23b271d06ba4feb,Jean-Baptiste Onofre,2012-09-20
00033ecf07bc0108f1305929fc1c8fe311032447,Francesco Chicchiriccò,2012-09-20
0809720e903a2fe5a47820dd1aa66a9428034e19,Francesco Chicchiriccò,2012-09-20
d5b62042b3cd8eae8a3d6049800f7ab6330d90fe,Massimiliano Perrone,2012-09-21
ae8dd1d61bf4c18e3297a5dfd8b0e4095c763e56,Francesco Chicchiriccò,2012-09-21
d7b5a8fd08abbeaa986654fc84ce79ad8001d82c,Francesco Chicchiriccò,2012-09-24
f88a6ac12d9d69e38bec450a5ef345412be908d4,Francesco Chicchiriccò,2012-10-01
f750ccb3cd7e71d81acbb5f3a5ef03671e9ec4e5,Francesco Chicchiriccò,2012-10-01
c73d7a3e85bb39aafd929838bba04444f6bc6486,Francesco Chicchiriccò,2012-10-08
dba7c5fbd1ca3442a37c9dbde462ad0d79a3f6cb,Francesco Chicchiriccò,2012-10-09
69371803fe215876b256a7178bc7b818ee690b7e,Francesco Chicchiriccò,2012-10-09
721a3c692cfd4e227728260fde43904c518f7db0,Francesco Chicchiriccò,2012-10-09
c53c0e80110a9b562399b47f90d0a2f7be5f100f,Francesco Chicchiriccò,2012-10-10
d9c32e6ec2ec990402613c700c2c0c5b399d2a2e,Francesco Chicchiriccò,2012-10-15
b0fd21042ddf1afe7b12b2af6e45eeacbba72e1f,Francesco Chicchiriccò,2012-10-15
2e74f5a0a93f4f10a52b091d730d8e0a80723742,Francesco Chicchiriccò,2012-10-15
44d38cb255cf9bd144e1ea5d394c9d0e4e048252,Francesco Chicchiriccò,2012-10-16
3808a82172ec592df7619c9be0bd154ecf7c0aa9,Francesco Chicchiriccò,2012-10-16
5532f9ee12d4a28b66005d81042daf1e238b6e1f,Francesco Chicchiriccò,2012-10-17
a9e2a00dd0029a17e055b4960b25b70ac268472e,Francesco Chicchiriccò,2012-10-18
3a6ebd3f21280e78a5f50d87f9f5741478c822a5,Francesco Chicchiriccò,2012-10-18
8a6ca9da74b9de016193cce9111ad626e2ffaba5,Francesco Chicchiriccò,2012-10-19
b909ec116fe9057af484ed7707503850f1757181,Francesco Chicchiriccò,2012-10-19
80420a8e1eab1157f46f924e8a63812472163f65,Francesco Chicchiriccò,2012-10-22
49d7b31404823bdd6cbe1db2b27f7a50be6df928,Francesco Chicchiriccò,2012-10-22
3c24e217b8ea6b8ca369320cd6c8e75f52b3caa9,Francesco Chicchiriccò,2012-10-22
bffc69fd5518981ad384a4086dda4548e0ebcf4b,Francesco Chicchiriccò,2012-10-22
fc18fc0a8ad5891b21cb17b746c41947d34dd972,Marco Di Sabatino Di Diodoro,2012-10-22
119e8aab47266cfdf799bdf4ee334039627d2898,Francesco Chicchiriccò,2012-10-23
b62d2f0f2219bf7844623577a0f4995f94b0c7be,Massimiliano Perrone,2012-10-23
335070364d8e6ecc0ebffe6b17c19056968a7327,Francesco Chicchiriccò,2012-10-23
bec87170e49a6cb491b6883eea1f7e0ff2e3c503,Francesco Chicchiriccò,2012-10-23
b0c333993e5e198ec7fb7cef889e11681c6042dd,Colm O Heigeartaigh,2012-10-23
580365ddbebf0a6d699bddc36e8be80dc2abf952,Francesco Chicchiriccò,2012-10-23
bda6de6a08c0a903043722cf8fd18d057618dc75,Colm O Heigeartaigh,2012-10-24
675ec17796c4752d8ab7cbd535ab4b8505b8a0bb,Francesco Chicchiriccò,2012-10-24
8a30a9e77f4840dc8514e4d9d80cd4e173007783,Francesco Chicchiriccò,2012-10-24
1c89f94bf6281acc2aac073fbfa30ea6828a5422,Colm O Heigeartaigh,2012-10-24
e60bd1bf219341b64f976f75f517f5cf35318ab0,Francesco Chicchiriccò,2012-10-24
e3281a2d943c07cb6760497ca5f076640a4549e6,Francesco Chicchiriccò,2012-10-24
029376628476172b8a1dad0fe919eb23e368d17b,Francesco Chicchiriccò,2012-10-24
d32ced83d67c6fcbb5bf75da05b1cc63b3d90223,Colm O Heigeartaigh,2012-10-24
0746e03a0b2e81ec25db9d7464c09c70b260f618,Francesco Chicchiriccò,2012-10-24
e1ac1ee6fc7f0dba4541b1df6c11d8eab03a4610,Francesco Chicchiriccò,2012-10-25
90c3389eb677fe791b8cf93ee45d1fc4e427cc04,Francesco Chicchiriccò,2012-10-26
d500786640d95ec1f1636d32a2b103909b777bf3,Francesco Chicchiriccò,2012-10-26
1e1eeb5b5dda2371d2f1137401b15bca89b8fbb7,Francesco Chicchiriccò,2012-10-26
f3a8653a8be30f80efa0908ce677abc753624d1e,Massimiliano Perrone,2012-10-26
3181f08711f6c84a66a2fc9e2a8570dc20224a29,Francesco Chicchiriccò,2012-10-26
846f2e3bb898481d702839ce6a83114e858ab419,Jean-Baptiste Onofre,2012-10-28
4b0f19fad692eae992f54786416406cbdbca232f,Francesco Chicchiriccò,2012-10-29
0d7ffa0cc9983e294c86ed46d0fbd7ebea647637,Francesco Chicchiriccò,2012-10-29
febddcd83250765c8d6a43b15396e238f43cde09,Francesco Chicchiriccò,2012-10-30
208a28ad13a998d718dbcc1f84ebbcb224f80121,Colm O Heigeartaigh,2012-10-30
9da645a5db28bf6c5c8768059ee95d088166936b,Francesco Chicchiriccò,2012-11-03
2b3e3b88e7ca849ea5c5823af19ee363803cff4c,Francesco Chicchiriccò,2012-11-03
871ed90e19fdb21e8e02b081ba67b9a8e26b3179,Jan Bernhardt,2012-11-05
40329ece487e0afab51774bbe06aa175ca74ec45,Fabio Martelli,2012-11-05
9f733f56df217d091b9902d3973b6e08e8922720,Fabio Martelli,2012-11-05
f0a3b3e9e08486dc4a7bddc4e891a77c0ac567ae,Fabio Martelli,2012-11-05
1e826d745ffd41c940894c45f906bbd63e76eacf,Francesco Chicchiriccò,2012-11-06
0236776c95233a892d306b391e10e68a591b866e,Francesco Chicchiriccò,2012-11-10
39681716c128e392f42eae894f737c4a6becbf8a,Francesco Chicchiriccò,2012-11-11
de03564c462b28040dad31b3e9be7f34d98e710f,Francesco Chicchiriccò,2012-11-11
0a7e7c318d4e77adecb5380ac57603be915f6b31,Francesco Chicchiriccò,2012-11-11
a7d9e995b6ff060dfb1b5866e32b3d139db09dca,Francesco Chicchiriccò,2012-11-11
b95cddeefdbdfa6999812de3e438d90b7eeecc35,Francesco Chicchiriccò,2012-11-11
7afd1181f36b0bf9d8aabafc7e50e516074b4314,Francesco Chicchiriccò,2012-11-12
ecbac0e8f2203ea305428d46bbbfc4f2ced8cd76,Francesco Chicchiriccò,2012-11-12
e0f512ab88ca02d76d57f59d3a2772b8a4991a3b,Francesco Chicchiriccò,2012-11-13
7747554edcbb8f3c287dfd68176c5d440812a299,Francesco Chicchiriccò,2012-11-14
839143a203bf174ea1381675a55c5fb4d31a396e,Francesco Chicchiriccò,2012-11-14
4816f3ebb45670e55a88acb391184e07b2242753,Francesco Chicchiriccò,2012-11-14
73ac12be536e7ff3ac984b7f4749b24d584ee5b8,Francesco Chicchiriccò,2012-11-15
9dce009b910d960362b47790210e4e1af170130c,Francesco Chicchiriccò,2012-11-15
f4e3ea25e44c708b79980b07d23916ab4af25eb2,Francesco Chicchiriccò,2012-11-15
db7bd4d8ca87123e2fe8a0b5114b93e7e5a8d401,Francesco Chicchiriccò,2012-11-15
6dc8835680134d1cf8b96e7b8d9be5f599b62522,Colm O Heigeartaigh,2012-11-15
245f98faf1b8b313ab358b7da481c1c9517fc6c0,Francesco Chicchiriccò,2012-11-15
a87442ad0bb48d3247da327d2952422627b414de,Francesco Chicchiriccò,2012-11-15
735c9422815931a2d4dea55c15242bb14a0e9acb,Francesco Chicchiriccò,2012-11-16
0ab40f0566520cb36fa9e16f388b85a40a7cce80,Francesco Chicchiriccò,2012-11-19
ec42de11b330bba77a8500ca91678871c17ab2ee,Marco Di Sabatino Di Diodoro,2012-11-19
0b695ce7abde1563336f64a643de10f1dcc781a0,Francesco Chicchiriccò,2012-11-19
84750383d78f6cff18003fd76b487d080e0e656e,Marco Di Sabatino Di Diodoro,2012-11-20
93beeaff7b1a0d8c4a610ce48f9c52822a2b168f,Marco Di Sabatino Di Diodoro,2012-11-21
f81e192b4d84178beb5181fc0929349140b90c83,Francesco Chicchiriccò,2012-11-21
468484574688fa05b19e34eccf6d79d07637b502,Francesco Chicchiriccò,2012-11-22
55631b226c05dd7e2d870b856ab217e5c143c855,Daniel Shahaf,2012-11-22
226adee9243e5b8508c228ac5cd9ffde233d4f1d,Daniel Shahaf,2012-11-22
ad731c49514829253c60feca629352a837d23426,Francesco Chicchiriccò,2012-11-23
dd038bf144ad317da1a069e330440e0ad967a702,Francesco Chicchiriccò,2012-11-23
72986a249069919da7173515a41f4f42864d6191,Francesco Chicchiriccò,2012-11-24
bc0294f00a3f7ea0d4b1e59766d7d99e9ebebd83,Francesco Chicchiriccò,2012-11-28
c7adba1a0f961b1a18904da13240284c157e7246,Francesco Chicchiriccò,2012-11-28
1365ab8923ee1de97997dd1a8e4d2e48c2b40327,Francesco Chicchiriccò,2012-11-28
ca59ef9e22435709703cf34c2f678abd8affa522,Francesco Chicchiriccò,2012-11-29
a1c913ce710df8b5a73ae1af14df4199b14a71d9,Francesco Chicchiriccò,2012-11-29
8b64c3027899e437e2edaa122895b92692777dad,Francesco Chicchiriccò,2012-11-29
64191e39f080634e63c7f04047ad5443e46fe489,Francesco Chicchiriccò,2012-11-29
920b9d57e114a139260231af01e41b58be7af7a1,Francesco Chicchiriccò,2012-11-29
c0205e00aeb5e22ebbe95a08a0e13cb42be91591,Francesco Chicchiriccò,2012-11-29
b0bfcdd128050915a66aedcee824be61f22c58eb,Francesco Chicchiriccò,2012-11-29
9ed14eab8951eec6d182af3270c295b4d8cfc9c8,Francesco Chicchiriccò,2012-11-30
52583f13bde308d43b841275e0e223faeef1fab6,Francesco Chicchiriccò,2012-12-01
cbf8d23ce49dac5dd6f77deaa5f5a1ed0cc40eb8,Francesco Chicchiriccò,2012-12-04
358fb4ec88b966d2fac2e739131500d94e148d3c,Francesco Chicchiriccò,2012-12-04
3ee6e9938e55c6d0b6eaa569bde829082c5c2989,Francesco Chicchiriccò,2012-12-04
6222891675d040904b808e2ae6153ef98e8be65e,Francesco Chicchiriccò,2012-12-04
cc2ffa8912f74a127bb3597282a41ab05d112f52,Francesco Chicchiriccò,2012-12-05
b80cd3cd88fa4c3bb0fb6d2e4e6563a70cee9743,Francesco Chicchiriccò,2012-12-05
580ac50f1013cf1d22c8caa49edebafa7a30b193,Francesco Chicchiriccò,2012-12-07
dfed1c5c0ef9a4c6b3f384eea667541d82349179,Francesco Chicchiriccò,2012-12-07
6d700c2a0274c35b286f575e0c8510ae8b983b9e,Francesco Chicchiriccò,2012-12-07
79e751374d06c4e6a09c8858cc6f25caad4f9c82,Francesco Chicchiriccò,2012-12-07
a57825dfd7eaa65c7521361c2429fbe863381faa,Francesco Chicchiriccò,2012-12-07
1fa007064a1b663e847fedb81a62d83bbfbebb58,Francesco Chicchiriccò,2012-12-10
6a6d88fdb5136e7ec35c1e94d81a2c80d96de2fe,Francesco Chicchiriccò,2012-12-10
da86ce86cc8295b94dd83edd4eb38c287f76021a,Francesco Chicchiriccò,2012-12-10
8be7cde6f6dcb6e86dafe25be1e681f6db064ee9,Francesco Chicchiriccò,2012-12-10
b284182bae774692646301194746ce23e37df243,Francesco Chicchiriccò,2012-12-11
d4f8263bec48aa98599f04121c1a3167a855a964,Francesco Chicchiriccò,2012-12-11
cda672efca5fcb58f8447a9352890750f912fe12,Francesco Chicchiriccò,2012-12-11
8fcd0ace968e4cb7b5c8b98066414c6b62a9ba81,Francesco Chicchiriccò,2012-12-11
4971a895796d8e31a860550c0d54332e2cab483d,Francesco Chicchiriccò,2012-12-11
384ed3f2864467b061df7a91f6dd3f0dc4e8e623,Francesco Chicchiriccò,2012-12-11
9533cff3f99d1180d58a88998834eb48ac64ed1f,Francesco Chicchiriccò,2012-12-11
48a632da8be608d1a904372ed8ed5a6f9d455c67,Francesco Chicchiriccò,2012-12-11
c2cc2d35cad09b198e3f5d6e182fed2fb84b0d1b,Francesco Chicchiriccò,2012-12-11
b050f05696c65705b95f59659403f107d379a0c3,Francesco Chicchiriccò,2012-12-11
90d1967a2e05d25a5ba18497cd41e9c01ce10911,Francesco Chicchiriccò,2012-12-12
f00d8e3c118d16b55820fc0eb3f492578cfd57b4,Francesco Chicchiriccò,2012-12-12
bf0a93791e3c8032e0789e4573e4b74b9635af05,Francesco Chicchiriccò,2012-12-12
763ebfa0e1f24e30faf5b491756ffe1dd4addef2,Francesco Chicchiriccò,2012-12-12
6110e0ad97d6c219035058d25c265a014557dcae,Colm O Heigeartaigh,2012-12-12
493edb36dd4f363209ebeb960374d18b524aac8e,Francesco Chicchiriccò,2012-12-13
fb93f91e88eb524df454b05baf61a155ea7fa34b,Francesco Chicchiriccò,2012-12-13
f5ea9410a62e01b1e049da14de52ad46c154c217,Francesco Chicchiriccò,2012-12-13
e6455de4dc7a5b4f3241a0192aea9ea93825b833,Francesco Chicchiriccò,2012-12-13
d8a6993dde21a2a46468b83de27af3f3d8b88a08,Francesco Chicchiriccò,2012-12-13
9ff1880d12cda87bf201a4742b6c83ff870e43bf,Jean-Baptiste Onofre,2012-12-17
b4f6ca80d4903a9d316c5236afb3321ac87c4c30,Francesco Chicchiriccò,2012-12-17
fd4ccf178af4b5f1ed21120ae6f286c4996a93fb,Francesco Chicchiriccò,2012-12-19
78950b130722d5a27827ae47c2d9bd95b8e0612f,Francesco Chicchiriccò,2012-12-19
667152fd48a77b407c6724d1a93c6bf2ff1db808,Francesco Chicchiriccò,2012-12-19
9798108e6a5b46e915c549262a990c30650ee13f,Jean-Baptiste Onofre,2012-12-19
2e75481428f31cb352d2f9c7435877256ae63184,Francesco Chicchiriccò,2012-12-20
24c207a9a853e9b286f34c2b5085299e974c677e,Francesco Chicchiriccò,2012-12-21
831bfcaf3b5e6467d7a3118273815ebaf2560317,Francesco Chicchiriccò,2012-12-21
4f4ae61db05b5e349c70fc812224c1757ba40c9e,Francesco Chicchiriccò,2012-12-24
510c54f9a6ccd45b7d57a9138c7752034fe9a14e,Francesco Chicchiriccò,2012-12-24
4a48b355e37f3eb91d405013fef28afa36a26332,Francesco Chicchiriccò,2012-12-24
edfea10354c9357324e3cc384501b5f76a862ba1,Francesco Chicchiriccò,2012-12-24
b1444c7835a820175f1c58b582932ed91e882b40,Francesco Chicchiriccò,2012-12-26
1bb790566f9967ff891865b767772dd6141955cc,Francesco Chicchiriccò,2012-12-26
3a9dbd096fbf46af839b3c685b20d52482e1e090,Francesco Chicchiriccò,2012-12-26
d2f727955b89a0c775dc3034a1cddf438bff168e,Francesco Chicchiriccò,2012-12-26
d0f15b5f2cc30f2ba3c42087fbfa46a94c80310a,Francesco Chicchiriccò,2012-12-27
cc1fdf143adc5ebd7ff05af0cd63954b491fb740,Francesco Chicchiriccò,2012-12-27
77d8cdb7fc8c9350c5f90e9bfe92f267d5aeeaa3,Francesco Chicchiriccò,2012-12-27
cd4f7617245d54def63fdc9e3240d1ced27250fd,Francesco Chicchiriccò,2012-12-27
8f04dc6ec25a1df599bb8a4bf49dc470c844779f,Jan Bernhardt,2013-01-02
bbdc5986db8d284e6e9cabb8c28169386cb5ee79,Jan Bernhardt,2013-01-02
ebe6b251114223aa3db055be51b84218ae64da2a,Jan Bernhardt,2013-01-02
6a72cdf1aef16d29186afe49062e7463ae3f9a56,Jan Bernhardt,2013-01-02
cef9e1af42d246a1decfbb9d5f61501a5c375357,Jan Bernhardt,2013-01-03
918059d951bd36aaa960802598848a7dc7edb4dd,Jan Bernhardt,2013-01-03
00cf106e7674c7c943caed690137e7e6c075abe5,Fabio Martelli,2013-01-03
36d48bcc9837abd3d2ef361c0eaf22dd2d8ea1d3,Colm O Heigeartaigh,2013-01-03
629f58e6c78e2cecef4ed798f4552960cf83a759,Francesco Chicchiriccò,2013-01-03
21be94b13abdcafd52388788283e01a2f82ecd88,Jan Bernhardt,2013-01-03
bc0f5e7a6e0907900fa9af6f8bf24faee7dc5f61,Francesco Chicchiriccò,2013-01-03
1a96e856a2d14441c4f4d802360a440b3d57a601,Francesco Chicchiriccò,2013-01-03
4902f14d4e4a95658b8a60e8feb394c1a786fbec,Fabio Martelli,2013-01-04
f27a549885ad58fdf4ef7fa9ddc512e1cfaeec65,Jan Bernhardt,2013-01-04
2ef8a0656d6b0b12a331aed8efe6a7a9acd75314,Fabio Martelli,2013-01-07
9867063f693ab93c31e7e7cf3063614515507aba,Francesco Chicchiriccò,2013-01-07
3e5d2f3306a662560c970435cf7d11b8adf0b2a5,Francesco Chicchiriccò,2013-01-07
f559327149941c026c935a93ec6c1c56058651b2,Jan Bernhardt,2013-01-07
4b2368930e89d1085b92367683fd2f81f15a1314,Jan Bernhardt,2013-01-07
26f7ba0cdac007fc34ae82fab0d1d928963b38cb,Francesco Chicchiriccò,2013-01-07
6bcede63c1a37f90a21a2d93cffc457faa2e0bc0,Jan Bernhardt,2013-01-07
c050cfe4cc6c4123517bc0fbcbc4eaf4a195f5ac,Francesco Chicchiriccò,2013-01-07
49dc1198c9944da6d4f9510fc21f44fc180a96ad,Francesco Chicchiriccò,2013-01-07
f3bdd01fb46112a8937ed5efda37553e674508f6,Jan Bernhardt,2013-01-08
ff6716aa4e160678e173a1a5c08a45c06b5772f9,Jan Bernhardt,2013-01-08
415c57efa1eb3849945fe85c6ac80a9a027ae924,Fabio Martelli,2013-01-08
5d58e023a63a8e25d87225aa7547d24d733a2065,Fabio Martelli,2013-01-08
4f7ab995a744db1596e925f29dcd9c74dfe74c5e,Jan Bernhardt,2013-01-08
add964dd453c9e59b4c6e5b714c3aff078e7f428,Colm O Heigeartaigh,2013-01-08
6a623c0ac50b65566f895ad7fa6902aa1e4b2655,Jan Bernhardt,2013-01-09
b22c8f3de2d98c64960d207e0c199b5f10312042,Francesco Chicchiriccò,2013-01-09
b70b6576828fd340ebfe4da81342e6009dccbdc0,Francesco Chicchiriccò,2013-01-09
b3ebd97ea10b7101bae43adfcafd573c77fdd861,Francesco Chicchiriccò,2013-01-09
014a02579b0c13dbfb5a548eaf179c0bf7f318fe,Francesco Chicchiriccò,2013-01-09
c89ee1780ac71411c1dd88fe62a58f301c4d4b26,Jan Bernhardt,2013-01-10
5e4bb93ca364638e62550a35353dc6a6ddae7c0c,Jan Bernhardt,2013-01-10
f01769cc4f997bf6128aaba098b720c39de18a9e,Francesco Chicchiriccò,2013-01-10
fc96f0ee5134b753a6d894c8093507eacec69f24,Francesco Chicchiriccò,2013-01-11
a579dd8bf62e43d7589ca5af8bf544bdfa0973fd,Jan Bernhardt,2013-01-11
70130de9bf9e275163853b29eacb1a8140acc9be,Fabio Martelli,2013-01-11
4fefb4d544415014b4451ff2872eb745cb7909eb,Francesco Chicchiriccò,2013-01-11
0ccbe2f7b2ec04660740b885c590deda6874d130,Marco Di Sabatino Di Diodoro,2013-01-14
32a8c4df0c65ec1e9109c7dbd83fad523c2725df,Francesco Chicchiriccò,2013-01-14
3e81255e7a8bc4981cabb5d9dbd185c09d0e6c3c,Christian Schneider,2013-01-14
3d3a338e7ff31e6ae01c5c9a73084be93bd73785,Francesco Chicchiriccò,2013-01-15
96771b83b49cff8aa174d26ac25862e5614daf7c,Jan Bernhardt,2013-01-15
668882fd2bacd920da441e7e04b4b364ad834f66,Andrei Shakirin,2013-01-15
70a3e4e919a807a7d55434385ba39f3ef79562a4,Andrei Shakirin,2013-01-15
1db6fe4c1b2a6e1c60ddc68ba4aa0d42d95955e7,Andrei Shakirin,2013-01-15
72e4d9d7ee46bbe48411b22f7776f4cec128abf4,Marco Di Sabatino Di Diodoro,2013-01-15
190e31237cf0097668dae39d35b1f85a8ae0823e,Andrei Shakirin,2013-01-15
86dd15ee6dc29a9303d6762d9f7496b767b86239,Jan Bernhardt,2013-01-15
03afb02957ea3095dcf6ff29c21da2457745f904,Jan Bernhardt,2013-01-15
c7c0e418751e0848a135842c300a626e4f6b8d50,Andrei Shakirin,2013-01-15
d5ec5018bf7197d34c3339892fc182d855fc5489,Francesco Chicchiriccò,2013-01-15
5619748edec5f2b5ebab5599489b8a14b5d23781,Jan Bernhardt,2013-01-15
0071bc83fbb3dcf80496fb6a0af19434a0bc122f,Francesco Chicchiriccò,2013-01-16
d1225723406d128353a42fd9464eee8d29122f1f,Jan Bernhardt,2013-01-16
a8a1a9f6d6ccbb7b7d88eb5a6fce71b26b0cef3f,Andrei Shakirin,2013-01-16
b4539aae6a708904966aad025d37665637fa523f,Jan Bernhardt,2013-01-16
19988b5a031ae4b0da6d72b5826cb041f24a9695,Francesco Chicchiriccò,2013-01-16
80a56791794cedfb4b0597dd0440d674897c28ab,Christian Schneider,2013-01-16
da7e64e6b9583ec838bbd880db6b18a5accd0dbd,Francesco Chicchiriccò,2013-01-16
3828787cb0aef0683e2490d61ed4585fb459fed5,Francesco Chicchiriccò,2013-01-16
5630e4eb3052d1f743363b16549574e7624dc6de,Francesco Chicchiriccò,2013-01-17
8b272a3473cc78fdda31a310beed8d37105c64ef,Christian Schneider,2013-01-17
e9f735624a6ec931b049b0ea59af55d3832e26ae,Marco Di Sabatino Di Diodoro,2013-01-17
647d1d9bb1328ed93f52d4644a44f5f644b1a57f,Christian Schneider,2013-01-17
93d368113c016ad6af2e7fc77a8c8b0c98d010d2,Christian Schneider,2013-01-17
bd3bcbc501672ec75d45a93d4211278476041ea8,Francesco Chicchiriccò,2013-01-17
e199b01d92dd942fd0047af6953a5d803bc278e5,Francesco Chicchiriccò,2013-01-17
df2bce86d30e2dbe02584c0aaca7b85156d25e5f,Francesco Chicchiriccò,2013-01-17
4d294a3386b5a79accf0fd527f196a65e556f511,Fabio Martelli,2013-01-17
977491b1068f752b9753cd71a096d0cf93db3834,Francesco Chicchiriccò,2013-01-18
8784318740cecee652e4c55433f05b4f8189882b,Andrei Shakirin,2013-01-18
e510a0b863a097ba1cf2ce6e1fb63053cca6fb4c,Jan Bernhardt,2013-01-18
3663b2d475caf1cdb3f25d04a8ff053594acc828,Francesco Chicchiriccò,2013-01-18
19425a5fb2d055f10cd1112eb5e2d935f8af276f,Jan Bernhardt,2013-01-18
c903fc07e0a9e26f3de34e8d2e161b635de3551f,Francesco Chicchiriccò,2013-01-18
60756a286dc8cc42ec1833dce0d7290fc795a2ee,Andrei Shakirin,2013-01-18
3cb730ce0dbf73477369d944056c9849aead0178,Jan Bernhardt,2013-01-19
143af07f2e8a72874e36309f36e6f23ac084ffd5,Francesco Chicchiriccò,2013-01-20
8c63aa46573e8582f31fe9b661ba783bbf066fe4,Francesco Chicchiriccò,2013-01-20
f2ba8e71d754ec629e2c59577678c75e7c0d7eda,Jan Bernhardt,2013-01-21
4099e4a896b8522bae73d9dfba41cf4931b8632e,Jan Bernhardt,2013-01-21
a26022a0761e329a2e42845ae46870351164e15a,Jan Bernhardt,2013-01-21
b74424e59cde63a25c9175a6e7fee2018f59ef6a,Francesco Chicchiriccò,2013-01-21
768233976a320d32a6e5f5ff3f94106eadcfeae0,Francesco Chicchiriccò,2013-01-21
ad497d0be42e15a5c11e3498962e3307a410365e,Francesco Chicchiriccò,2013-01-21
b423fee52bba23a21d14ba638ef6e55734a8f6e9,Francesco Chicchiriccò,2013-01-21
0e34e252c66848b69385ee3a7dc081798147d234,Francesco Chicchiriccò,2013-01-21
554a3f1690cdbba49eef45bedd81f7ce4b160b8d,Francesco Chicchiriccò,2013-01-21
a6cce95ee3321a93ea75574788162c9a57f23719,Jan Bernhardt,2013-01-21
8076ba8a12f8e8d300d47f31ee23378dc9b6aa6f,Jan Bernhardt,2013-01-21
f5ed0f7142e36be3b2765b4331d9646c7ed941f4,Francesco Chicchiriccò,2013-01-21
7c25e0a44e7cd7709b6419f3f0aec63ebee85db3,Francesco Chicchiriccò,2013-01-21
e5e62b37a13fd8d7dcd4a67195d8d6d444e025ad,Andrei Shakirin,2013-01-21
a8105f8c41b4b85cf0d7ec75ce5b6317e2d82b3e,Francesco Chicchiriccò,2013-01-22
4524afe878d9df9353ee2e3a2f2dd3a60093b5af,Francesco Chicchiriccò,2013-01-22
58cb9ced9e5ea6d4249e657cd39bf2317422b59e,Andrei Shakirin,2013-01-22
dc713ac159f877e6f9d8134eaf439719648da017,Christian Schneider,2013-01-22
f28d8fc10bcdb01af18cd5f7dbdb4f7c5cea4a70,Jan Bernhardt,2013-01-22
3d08768a8933081c859a9f6efb35e4089168d636,Francesco Chicchiriccò,2013-01-22
c6f55f53e0db3156ff923656efc935ec645936ed,Christian Schneider,2013-01-22
f287a4bb0cb6e6d7d83524fbb65a6eab2364f6b6,Andrei Shakirin,2013-01-22
214ba87c1e49b23491b5301734927f5fd302a0f2,Francesco Chicchiriccò,2013-01-22
55bfc7d91fd21c806765eb51345da4f827363c97,Jan Bernhardt,2013-01-23
44c907020df2ed8a89c16157f4b9c3c46dd78ed9,Francesco Chicchiriccò,2013-01-23
1335bb533339ff8ad710f8e29351da2b6deecde5,Marco Di Sabatino Di Diodoro,2013-01-23
995e8ca9c452fa72134d10741ea36b531984753e,Francesco Chicchiriccò,2013-01-23
80f3f66919b69355a732789de142a712da263e0a,Andrei Shakirin,2013-01-23
66785322f729cc967d97769ff77dc9956297eb20,Fabio Martelli,2013-01-23
86e9a51fccff4a1e5bafe4db2be5ca3a4ff59bd2,Francesco Chicchiriccò,2013-01-23
e9c71cffb187674ce25425454dd143dd8c2fcb19,Christian Schneider,2013-01-23
0fe3038516467218929285df625b3256b2141eef,Fabio Martelli,2013-01-23
bc010c158dcb41fb08b4666e630a81eda1627593,Francesco Chicchiriccò,2013-01-23
1f4c569efe738fa52808b224866b875943208ca8,Francesco Chicchiriccò,2013-01-24
e6cf37d2fb7c58502804b217c7de6ebe02966c87,Jan Bernhardt,2013-01-24
3bc5d643b45209fd171ab05d3ea616334270dd82,Jan Bernhardt,2013-01-24
2560d7eadac005814c7f708a211b07a1767dafdf,Christian Schneider,2013-01-24
750dbdf92ee7958eb7f5029b0d7675121fcc7df1,Christian Schneider,2013-01-24
d69616ceb5fcfe5597feef6c94c84b4a5d2b6689,Andrei Shakirin,2013-01-24
ea72d7b4c1b175c1a581356786fd9fdcd47a5f1f,Andrei Shakirin,2013-01-24
e2c897934fd4c8a5ca4bb7ad6f9fbeeb171c804e,Christian Schneider,2013-01-24
3b04f9c90bc24e5e3c8c2f21b1f38e61d9f2c211,Jan Bernhardt,2013-01-24
2074615ba09bf06b7143ff77e19ab10e76132499,Jan Bernhardt,2013-01-24
d9357309cee12550983d6ec62944df0df33a88e1,Jan Bernhardt,2013-01-24
281a764922ce1590b0b5f39c83bfc07ae15789af,Jan Bernhardt,2013-01-25
36271b649f03fd6feb3f766c8f1931284bf4e4bb,Jan Bernhardt,2013-01-25
4fb212fff6ad75d986ddd3c22ae7e0cc56bd4511,Christian Schneider,2013-01-25
80bd44bdc8ad72c55d0d396b6fde76496d8f9f62,Francesco Chicchiriccò,2013-01-25
2a352cfb20c982d8738aa353c399d0da59b58109,Jan Bernhardt,2013-01-25
18b668b88eedfc8d81cea0fb325c8fb39b8bc874,Jan Bernhardt,2013-01-25
3c753d56b8e735063e27511024663834ee7ac912,Francesco Chicchiriccò,2013-01-25
c28cdb8f21cd3bf1e6529adbeea24f410effde26,Francesco Chicchiriccò,2013-01-25
53058044c6f491c40d9949da8bcd462e6964869e,Christian Schneider,2013-01-25
85fa795870747e8e3ff6e5c4d539a311f5ba7fc9,Francesco Chicchiriccò,2013-01-25
f48e7aef61a0d2a34a0120bebae7a75c77b071e6,Francesco Chicchiriccò,2013-01-25
f0c0b3812e902d2f2a9ebf79f3b9b55a2a0752a9,Christian Schneider,2013-01-25
c41e484b5bac40662af6b3184c49beb6dd3b8d27,Andrei Shakirin,2013-01-26
02760f4e7c08eb893860952264c8ed062bf068d5,Andrei Shakirin,2013-01-28
1413f0d50b3c595469f5c05b7d75e3de0af2f5ee,Christian Schneider,2013-01-28
94c211759a849a48082b0f949a72bd7e0c79adb5,Andrei Shakirin,2013-01-28
f05e310e889432af94ba5c53ec317d60bcc1f1c7,Francesco Chicchiriccò,2013-01-28
91b98b158dfa5a3d7af393c14801366af7099898,Christian Schneider,2013-01-28
63a272e50f913f876f04c6cc891ccc751595c5b7,Jan Bernhardt,2013-01-28
c68857feaa2c621b62dd2acb9dbceee1a6378f6d,Andrei Shakirin,2013-01-28
6b84a05aef688f0190f55097732f3d72777e4455,Jan Bernhardt,2013-01-28
fc3d350cd5c5b5f9c7bfe62b35b3163fe0632e9f,Jan Bernhardt,2013-01-28
859094ba23a34cfc579c7c1a452bbb1a3126c9d9,Jan Bernhardt,2013-01-28
d6ab9c3957a3107e38de4696297aca3b3fdfccfe,Jan Bernhardt,2013-01-28
3ac851746dd4bd609c5376564cb9d0ab4dd6fb7b,Christian Schneider,2013-01-28
c2e6a9b360a61d367297ac9920b3bb982b165610,Christian Schneider,2013-01-28
3ddcc9d3fe9a293c1df18dd2760b02faa83bbd70,Christian Schneider,2013-01-28
dc2a9e22ea07f92f32a10b2b3413fc845b28af21,Jan Bernhardt,2013-01-28
1a8f107ee92d2e1794f0cb9dde4b0b70589d2b86,Jan Bernhardt,2013-01-28
a9a535fe368a2df1654e18d682abc764cdf4d1a7,Christian Schneider,2013-01-28
f746e555fc43e114639210512d217c7620a7ee7e,Massimiliano Perrone,2013-01-28
edc9b0a75f2fa3a7eb5313e09718e3e0f7f92c0e,Jan Bernhardt,2013-01-29
b25de8acdad10a08c5baf81d519ddc9193371d8b,Fabio Martelli,2013-01-29
e8f466a4ff955dd08b406f5da3991d8af852e104,Andrei Shakirin,2013-01-29
0dc144951d0ea498ba96b21d422ba7c195e56fbf,Francesco Chicchiriccò,2013-01-29
027a007b3545d784c71e80286fea71b651030ed2,Francesco Chicchiriccò,2013-01-29
c23f5af9116022a2279ceb3135da2b02275b8907,Francesco Chicchiriccò,2013-01-29
27b78f9ae2f6a94ebb5cdccdf7bc7cc674859303,Colm O Heigeartaigh,2013-01-29
08b2a6726055dd6f74c004df5e5dbda6aa7db9c4,Colm O Heigeartaigh,2013-01-29
e8ca9dc5165e87eb67798c7ec0abecb8dbbe1e3e,Massimiliano Perrone,2013-01-29
11d2aff4024d13305d6e510db97be4c27514d6c3,Colm O Heigeartaigh,2013-01-29
c24ba9205edb4a3f7d0a5742aaa20a59482737fb,Francesco Chicchiriccò,2013-01-29
31d195e166e99f449c12dcd881aa77100f7b6944,Francesco Chicchiriccò,2013-01-29
b01547753b1949658c63fa7d3a7cce3dda6c57db,Francesco Chicchiriccò,2013-01-29
d8cdd5ce7456bd7e8c872d554d9a97a24c140d47,Jan Bernhardt,2013-01-29
9693806769d5476ffad2e8322ddf75014539fbb8,Jan Bernhardt,2013-01-29
7fbf6d3420b9d0bf694a5087f5702bc4f6e86e91,Massimiliano Perrone,2013-01-29
4c1884bfee4ab2fba7c428768c43da2ebdba961a,Fabio Martelli,2013-01-29
44429a17dd83236caa82617a6f3dc5bbd79cde8f,Jan Bernhardt,2013-01-29
2a662ec5789f6a4d85848b9bd2b570ab3d17b742,Andrei Shakirin,2013-01-29
1afa7b53156681fca707e2cc554f23c07358e742,Francesco Chicchiriccò,2013-01-29
7ff49c1f5dc91303803dfc494854461e505c94f5,Christian Schneider,2013-01-29
839767eb1c7532bb09760ee61805816cd3ea8673,Andrei Shakirin,2013-01-29
bb3905dfdaeeb97282a876e3d70d97edb18c9aed,Jan Bernhardt,2013-01-30
0863b01dc5b34b33e64c590d16d91a0b6630399b,Jan Bernhardt,2013-01-30
fa8fe969f8f3cfcc456ec0148abbd7e38b10e6e6,Andrei Shakirin,2013-01-30
e8b4ac6483a8a5cc7baa99b419486433c8db0044,Francesco Chicchiriccò,2013-01-30
12a5f01719dc547ab183761056d22571e24c2c22,Colm O Heigeartaigh,2013-01-30
d5eef7ad1f3433642fdc6d59ecc39ecc5fc12bc8,Christian Schneider,2013-01-30
85173e65b667f0bb2d415d020aba40d898609aa5,Francesco Chicchiriccò,2013-01-30
318390e5397563a680c2e02a0259f2c5fe8fe049,Francesco Chicchiriccò,2013-01-30
77bd6fd653702bbd4ab5f24247a66bd28bf6317e,Andrei Shakirin,2013-01-30
dfc0a39bfef5f671b27cf611bc2084e086252bb4,Jan Bernhardt,2013-01-30
ee4b0435e11e88b2427490ea6d96ddfcde40f918,Jan Bernhardt,2013-01-30
7b8a31b4fc3c2109bcebad1a230879f16600ff52,Christian Schneider,2013-01-30
39c2d0ed9217f6b53ec25805ea9d39e8a634b628,Christian Schneider,2013-01-30
38783345d67c2584300bf58c5af08f44339abc89,Andrei Shakirin,2013-01-30
8fde5c81d3a983729f2e1a789a04108b89bbd8ce,Andrei Shakirin,2013-01-30
97f33f4816c19870a2ccd83ac9b4e935d59c4447,Jan Bernhardt,2013-01-30
64739979c172c88fe836ab0b95bbf4754fd9c21b,Christian Schneider,2013-01-30
e522014cc19b53d6dca57e6f80f2c7335a81590e,Francesco Chicchiriccò,2013-01-30
7624b98595bab51d84815dded600f0511d707c73,Christian Schneider,2013-01-30
136d9a9d26a54b1b2904d0a29bc8b5f833590907,Christian Schneider,2013-01-30
dafd84b0ddba321e5678919f7ca9f330cde3b271,Francesco Chicchiriccò,2013-01-30
1362a762aacec23ab4593615799b4fe232c74fcc,Christian Schneider,2013-01-31
05e758e2f62f331cce281545f7bd81b1f98a22da,Christian Schneider,2013-01-31
4fc0b470bb807f027597a51279a916f16fa85464,Christian Schneider,2013-01-31
47bd8ca9fbba11a000d7bd13cd4992e13d868e69,Jan Bernhardt,2013-01-31
2eec483287a2c32483c3cd2d139178e616afec68,Fabio Martelli,2013-01-31
45b4f6318db61bb78c105695ba2423b58714c4b4,Francesco Chicchiriccò,2013-01-31
2a2e51b8d85b80b46502d8fce0e692585ac32f95,Jan Bernhardt,2013-01-31
30a1e729513160d9af362b1486b9769529a3d894,Andrei Shakirin,2013-01-31
f34b1b652c7e207e792047604ce96165aaae8610,Francesco Chicchiriccò,2013-01-31
a502ab5138a3d6ee144659de96717ff584224a15,Francesco Chicchiriccò,2013-01-31
b8e8cc8208181429683ba9ed2e571bbcb8f53600,Andrei Shakirin,2013-01-31
41d662e80290fcf7ff817a083aa323c0e4c850d6,Christian Schneider,2013-01-31
284922d2a8c9427bc0d747f070d0568ed4e23503,Francesco Chicchiriccò,2013-01-31
f46d8c1853b9011b083bfe71b0fa374f726e4ec5,Christian Schneider,2013-01-31
b516c80163dee940abde89a40a2cdf3a6dc1302e,Andrei Shakirin,2013-01-31
24b1bca839159ff1125123631257dc331e924f72,Jan Bernhardt,2013-01-31
4591470deaea328e1ad890900a76d5afd9b5889f,Christian Schneider,2013-01-31
e519134fe6e53fd72e010e8a6e5c776f29398990,Christian Schneider,2013-01-31
e5daefcf7860440e81fba965d1e92671fb6b09d9,Colm O Heigeartaigh,2013-01-31
e5405224b08e68dab0d2d59665ab31dfcfc2936f,Andrei Shakirin,2013-01-31
af850af08f9bb2f191db4b9f05495b7ae809b112,Francesco Chicchiriccò,2013-01-31
0dbcdf63bb9b3895e4155bf1087cd91c9de65359,Christian Schneider,2013-01-31
3d01c37032ef11e6bcdf592f587b3af58437428b,Francesco Chicchiriccò,2013-01-31
5d4a7fe442d981652121c7faf088f504b4324d91,Massimiliano Perrone,2013-01-31
57f7597eb3b7f298fc21aac8fe0a47e1cd5d21be,Colm O Heigeartaigh,2013-01-31
ca346bc8bcd45369fa0368f4148aef5fc39d2c31,Francesco Chicchiriccò,2013-02-01
968bd6258d62fd307fbd5c222ba8f8c98302dcd7,Francesco Chicchiriccò,2013-02-01
05245bf85b4700b0e0ce5a547b10411551d4e803,Massimiliano Perrone,2013-02-01
8491db622d7b9b5db4304a27ccaa046721610801,Christian Schneider,2013-02-01
e6526520590a3dc315c82f07f6e3f1cd30c9826f,Andrei Shakirin,2013-02-01
248c7f445dc7ec8002e4e409c985c49536c15311,Jan Bernhardt,2013-02-01
e232f5f45e76b0209efd8656236942dc33998a26,Christian Schneider,2013-02-01
a8c4767f22658d4b020b5955126e05f12f993756,Jan Bernhardt,2013-02-01
9778213812636ed23c2785d320cd6416b85d2fbb,Massimiliano Perrone,2013-02-01
d965e23adc69056ea81e3ee4c15668dddae53332,Massimiliano Perrone,2013-02-01
04a87b68a1893fd53283dfffeb6d2747fd0bb0fb,Jan Bernhardt,2013-02-01
e94447c1292958add874d050d9bdf676f2cdef5f,Francesco Chicchiriccò,2013-02-01
8928d0001401b5c4e47d8cff38ff8a72b3ae7b04,Andrei Shakirin,2013-02-01
9ac3b115c54bb7c72d84cb12546f729a4123e112,Christian Schneider,2013-02-01
c09f76693e5eac565cc708af80cd86b89c150c7d,Andrei Shakirin,2013-02-01
4de847cd99221f425fbe4719a40ebfb679fa3926,Christian Schneider,2013-02-01
d22a2a558708601d0b09591819cd88b7a8a47a1a,Christian Schneider,2013-02-01
e5f8f9538efb17da73780b89e6ebcb82530d60e8,Francesco Chicchiriccò,2013-02-01
e7eb65f414218e458f8afa67cb1ea3ec5954c3a9,Christian Schneider,2013-02-01
8e6d66d9bacb530e52a5de62f25a8e0b55c5e2ce,Christian Schneider,2013-02-01
066b3729df06b1c9af2a9ac24805e3cd85562878,Christian Schneider,2013-02-04
6d2a4394ba327936c4d582db484be22d4da59c3b,Francesco Chicchiriccò,2013-02-04
27e122bfe0b735eca2bee009a1fe23a49e864fc3,Jan Bernhardt,2013-02-04
3028c41e3787e5d8b052209d8442d7fb1f3706b9,Jan Bernhardt,2013-02-04
36a2b0bd551954d0364b279ddf50c541142904ee,Francesco Chicchiriccò,2013-02-04
f0d977539e677ce7ae301555dc92c0e3834c2387,Fabio Martelli,2013-02-04
e96995db5fbc5c4e0d6f13f3b0723c0e3437a3ce,Francesco Chicchiriccò,2013-02-05
8a4e63fd2cfc2c3303a33914a592b7b47e2f1b19,Francesco Chicchiriccò,2013-02-05
f76e9723c4f4d96cbf2c72a8a10c837b2791d10a,Francesco Chicchiriccò,2013-02-05
c99c9814987a1cdefa2e2539a3ef7d8848e49d39,Jan Bernhardt,2013-02-05
ea8a55341ed17bb62beca325f5f81ebb5f576659,Francesco Chicchiriccò,2013-02-05
d26c63d6e86fe7e121c60e543a81d781d0559e7f,Francesco Chicchiriccò,2013-02-05
1ca59da79a780e08b22221a4b3f354223f5209c9,Francesco Chicchiriccò,2013-02-05
c70ffdfd2c8aec6630a84ddfe919eb9266600ba3,Jan Bernhardt,2013-02-06
59f1a8bec7020660ec3194fd241f3d5b6e92cb16,Francesco Chicchiriccò,2013-02-07
652b4e4f4942e9083f8fe3eda13462a71a5276a1,Francesco Chicchiriccò,2013-02-07
310b7adf97151d8d1ac4870c3ce0a2554fa98e94,Francesco Chicchiriccò,2013-02-07
5055b87ff380f7a9e8e4f46d5a5351f96c4b55a2,Christian Schneider,2013-02-07
dccb4c090917d3a8e3856ac7bc2f54d7d61b48ff,Fabio Martelli,2013-02-07
5346ccc678a2481c29d0f67e420f2e4e0d54e15c,Francesco Chicchiriccò,2013-02-07
3afe36c6f1706027d6818fb661147ff837957011,Francesco Chicchiriccò,2013-02-07
4e6bcb2b4a8fc132cab26698156917da213b2409,Francesco Chicchiriccò,2013-02-07
883b80d7911932829ae4f5359bbe34aabe87398c,Francesco Chicchiriccò,2013-02-07
cfc82fcb81afea03c249cf5e489f301ae0470da4,Christian Schneider,2013-02-07
ff4a543ca6d0a0259970191537942bf84a914844,Francesco Chicchiriccò,2013-02-08
e416bd32e8f7b4660fa4d4ce53ce8fbe8746ceb5,Fabio Martelli,2013-02-08
04d3055cd5cfa672b553cb88611df947b01bb0e4,Francesco Chicchiriccò,2013-02-08
985f9397d6c54a82858de93165f2dbbce1a22587,Francesco Chicchiriccò,2013-02-08
81df5c249b44ec9d80021cd9119c1bc584b43adf,Christian Schneider,2013-02-08
d45b270e9193348da89e90ff118a30cb518a16a8,Francesco Chicchiriccò,2013-02-08
3ef7baf73e3d9e83e3fb3b27aa5152ffc2a63931,Francesco Chicchiriccò,2013-02-08
415025cd799d9905f201f1558b70b69c5a03230b,Francesco Chicchiriccò,2013-02-08
b620bda2fb61503e49ce86cdeda9646b286c2ba1,Colm O Heigeartaigh,2013-02-08
24f72640c18fcb9158dcea7d235641a6e7be3acd,Andrei Shakirin,2013-02-08
2ea81608ea04844a7f9d405f3bb1f87a038ec432,Colm O Heigeartaigh,2013-02-08
c0419c29e2ff420a6e21e640cf1790ec12dfc5d9,Fabio Martelli,2013-02-08
c3210f8f8d807ac5d2a037d9e0c083f8d863edc9,Francesco Chicchiriccò,2013-02-08
386ce347a17c9a77f2368b2b5e278ac1f1a243e5,Colm O Heigeartaigh,2013-02-11
a5bd98789571d279bf481bed59853d43d4e68856,Francesco Chicchiriccò,2013-02-11
cb073867742100bc01254f4aa8e190b0248b4df3,Francesco Chicchiriccò,2013-02-11
c489e8cc2562c4af3caa9aba77297ce6cdc161da,Francesco Chicchiriccò,2013-02-13
8080c32be6f548693c8004c87a36f5a0116fe58c,Fabio Martelli,2013-02-13
9c24f8e0130a271e119338b3a13a37b2c1ce409d,Colm O Heigeartaigh,2013-02-13
60c21d72a62fb78c2b3a91c2ec0724dfe225827e,Fabio Martelli,2013-02-13
480bf39866537034c13eb7bc524a2baa1ba33898,Fabio Martelli,2013-02-14
e4851db21dd8dcc7beda809d6ff03766b7bfe7f3,Francesco Chicchiriccò,2013-02-14
0ac6d26283df96e40312dcb61d5320679cb658bc,Fabio Martelli,2013-02-14
9036b1bc563c3a0524ad9665ef51e6b90e75dcf6,Colm O Heigeartaigh,2013-02-15
1d51597a1f5292a8e7a21b03ff8b3d7994bd6ee3,Colm O Heigeartaigh,2013-02-15
e233932c16d6174d5ca056a8190a925337f46954,Christian Schneider,2013-02-15
e115f447eae200f4b38a0804029ea12630ab5d42,Colm O Heigeartaigh,2013-02-15
a9b3526e9de3e27baee367bfb7986f96f976e940,Francesco Chicchiriccò,2013-02-15
c004645f3b104de218511e8b10ee7e542607e932,Francesco Chicchiriccò,2013-02-15
4bd52c2e5ad478e7359be8549bdd5c43537864ed,Francesco Chicchiriccò,2013-02-18
db73f1018ec4a4645c45c3a0fcf6c69f8a7cafd8,Francesco Chicchiriccò,2013-02-18
686dfa656e8429464b169deddda84aeb8901ecac,Francesco Chicchiriccò,2013-02-18
dd81cbff9f7a25f11b26c5c2c43b9c2d2ff4a13b,Francesco Chicchiriccò,2013-02-18
9db99c23000bea004cdd8d4bf424683cd33c2132,Francesco Chicchiriccò,2013-02-18
ec16475054bf7292a62909df7863ca44dffa62e1,Francesco Chicchiriccò,2013-02-18
de4ed9f22a7e5d1b82e00801cbb1a91cd3884518,Francesco Chicchiriccò,2013-02-18
af56850b35643a76f2eda8cc6e69e8a0ceae15b7,Colm O Heigeartaigh,2013-02-18
ee50849a4aaed45a843be341341895da3d09dd1c,Francesco Chicchiriccò,2013-02-18
93918ce9a0db8f16a444ac74325b2629f7380f9e,Fabio Martelli,2013-02-18
a5ac65b4082add9c801e8c0912c528f3d0769f2f,Francesco Chicchiriccò,2013-02-19
f239ce83026f2e6604138f74e3d0661e5521146f,Colm O Heigeartaigh,2013-02-19
b5cb9dcf2fa0485713009f18bd09c556432212f6,Colm O Heigeartaigh,2013-02-19
fe84ed1cef1aef9573208887e319995859fd274e,Colm O Heigeartaigh,2013-02-19
d229551de980996f78aab5f48af52462fc7c2b8a,Colm O Heigeartaigh,2013-02-19
fddac7c6bc576cb5637db96d8f9843d561d13b51,Fabio Martelli,2013-02-19
66bd027b8d33e7d4b1d4f2ed40cc7889fabb47ab,Francesco Chicchiriccò,2013-02-20
078f45df9f995f4f19273a05661d406a55b5f676,Colm O Heigeartaigh,2013-02-20
1f48897a94eef10c6222b0c5707947c95e145551,Francesco Chicchiriccò,2013-02-20
474f4f6ec2fc7177119014dffdc2c6d0b78ce083,Colm O Heigeartaigh,2013-02-20
e8c16ff35887fdcd5242dbc9cabb1c60cabdf42e,Colm O Heigeartaigh,2013-02-20
9ffda20d58ceac302d130634602a4fcd8a1cc9be,Francesco Chicchiriccò,2013-02-20
8b43c09ef4dbaface397e4c06c75cb07c780ecd3,Francesco Chicchiriccò,2013-02-20
9fae3f8b481e4c9337ee6a4ddfe3d301791005e5,Francesco Chicchiriccò,2013-02-20
5c3f20bab61eb29ddaa715c3ab225c396bb7ee11,Francesco Chicchiriccò,2013-02-21
91f0c1b7f47df9e8b9a1a1d79691f52ff0cf99d9,Francesco Chicchiriccò,2013-02-21
329bc0d3fe85a17219de7799741e181a1695f3d2,Francesco Chicchiriccò,2013-02-21
ce800c5adebcba0ab80ce5ab669f829b64b412a3,Francesco Chicchiriccò,2013-02-21
6d4731d943f02d60565a98be1713bfadf9799898,Francesco Chicchiriccò,2013-02-21
b20869adca2a043e3772b78eaefc4a71d6dbfca2,Francesco Chicchiriccò,2013-02-22
6fb61f6c80e924508ff51e56264089270da4e932,Andrei Shakirin,2013-02-22
15202675bb8f5642b23cc02b647ab4f89382a1a8,Francesco Chicchiriccò,2013-02-22
da93d10e824868d652dbbd647253e60e4cf4e07e,Francesco Chicchiriccò,2013-02-22
a95975fe6c6b49d5abd4c249d4057cbea7609504,Francesco Chicchiriccò,2013-02-22
10182b41907082966302880aacb9350d0d957566,Francesco Chicchiriccò,2013-02-25
81501d869d318bcffa2f11aad2896becfdad2f24,Fabio Martelli,2013-02-25
eb4f73b6ba5b4b96a26e06b65ad7930b641ac94c,Fabio Martelli,2013-02-25
6b67e9949c52479c78f0207982bc8f0ebd93a172,Fabio Martelli,2013-02-25
e1119db4b93f9dd01fc07c78a35d3a20e092c044,Fabio Martelli,2013-02-25
fcc9a88c63e6b298a845a5e32da5fa6b743d3809,Francesco Chicchiriccò,2013-02-26
52a8f98a52f06e860312eb715fdfeda1af953918,Fabio Martelli,2013-02-26
b699522ed191d08c40959678000c2458c8663f1a,Fabio Martelli,2013-02-26
a54f2adc6158bd94faeaeccc935601cff72a1837,Massimiliano Perrone,2013-02-26
0b3cd3fff7679f9a88bac6bbeca6e622ff60f043,Francesco Chicchiriccò,2013-02-27
cbd91fec550eb8bd2809cd91d8672dec83caafac,Fabio Martelli,2013-02-27
0b7c7c551c64f478403e8d3305ff1e2c02f0feaa,Jan Bernhardt,2013-02-27
e836fa803e38eb79dfa8402bac00771570388636,Colm O Heigeartaigh,2013-02-27
3fb90f478fbc16b061f078d94b8ae028d87b084b,Fabio Martelli,2013-02-27
5de9702f07815f52b1adda625e8d68139cecf295,Francesco Chicchiriccò,2013-02-27
bb9033956c9f5948628d4e2f2776fc0409533166,Francesco Chicchiriccò,2013-02-28
d149dd438ce71da02492fa7e3b8d3d8ebe6d6401,Francesco Chicchiriccò,2013-02-28
4adb18b06627078d7352249d6ffbba8b3695eb6a,Francesco Chicchiriccò,2013-02-28
f1b78b0d65e6316b09d52dc077e3d5af0537e4a7,Francesco Chicchiriccò,2013-02-28
0b7fef8e539073a334e66f0b8ba8bb0e22f6301c,Francesco Chicchiriccò,2013-02-28
af601327fde094928d9e3d0f99e65030822d237c,Francesco Chicchiriccò,2013-03-01
1b3c23b92afb10661afc724bfb4c82a97e1c19e6,Francesco Chicchiriccò,2013-03-01
a6aca3dfe827658d99523012c3c35ac13d4c5d11,Francesco Chicchiriccò,2013-03-01
14ec17ba6b6f84021606a027737aef2a60d1159f,Francesco Chicchiriccò,2013-03-04
d0cbbc57dfd6bd5b18003c08da1546ca1574da1d,Colm O Heigeartaigh,2013-03-04
2a53b46e56df3010c68334846bb8323a7d5d4e94,Francesco Chicchiriccò,2013-03-04
8d382a5c825c186383334434cf9972d2dd79d165,Francesco Chicchiriccò,2013-03-04
edfb9edcaf52be6d5e2f1d616a861f85eb05d415,Francesco Chicchiriccò,2013-03-05
621b948de0f62a2f55b7d8275ebf967931146d6a,Francesco Chicchiriccò,2013-03-05
0f03e5bb86ed50fb7199d416b4fd0a5c56bc7952,Francesco Chicchiriccò,2013-03-05
a20335942675e91e6119e38ca376215eaccec03f,Francesco Chicchiriccò,2013-03-06
4f77edac1474cea27e568131b07115a38b8e0157,Francesco Chicchiriccò,2013-03-06
92db2e06a97abbd66f88936e4142f998c7dd2935,Francesco Chicchiriccò,2013-03-06
571fe94a1c333aa4419cf37e0c7e7cbd52a22312,Francesco Chicchiriccò,2013-03-07
d4d6717b6364741d81198042b3297afcc68d6ad6,Francesco Chicchiriccò,2013-03-07
0fb2c0352af00870fd21da476c624751c310c3e6,Francesco Chicchiriccò,2013-03-08
8ffafa99ac5a81847eae4c385f8c21707212065c,Francesco Chicchiriccò,2013-03-08
882798f1f4a36e216f9e0e0ac3000a3238467eef,Fabio Martelli,2013-03-12
676cc78bfd82afe46d28c95df90154d3420d4cd5,Fabio Martelli,2013-03-12
7aae0b7673c620274c1f054cd69d4468a98948f7,Francesco Chicchiriccò,2013-03-12
f7f71bf0fc69a4597add50ac4ca4e653d9c26695,Andrei Shakirin,2013-03-12
dc582d3f89fb53d969ba696ef4a76fa50b334519,Francesco Chicchiriccò,2013-03-13
03f524c271960f893d51f39ed6527514ef381089,Fabio Martelli,2013-03-13
b70ba6ecb4ccc4c3b2b3f4526f848cb777561a16,Colm O Heigeartaigh,2013-03-14
2fd342fc3006bd1a33bbaad780b853ee765492ac,Francesco Chicchiriccò,2013-03-14
9716a005919888e4095d798e289cb17021f036f5,Francesco Chicchiriccò,2013-03-14
7a0142a099ba43ce3556aa2ea1830a5ceb9d96b0,Francesco Chicchiriccò,2013-03-14
8c506794f7e1347adfce82fbac70684927523058,Francesco Chicchiriccò,2013-03-14
d3fd295a23f96072f35d5be6f43cc73dc100d6b5,Francesco Chicchiriccò,2013-03-14
4cc92c657e542394291b5279d9fbe22861c20593,Fabio Martelli,2013-03-14
807200c29672ce4ce7f5f5c6fbdc1f99f7cda8c7,Francesco Chicchiriccò,2013-03-14
62fb8de1638e135963dc0de491afdef9384e1128,Francesco Chicchiriccò,2013-03-14
d30f94d5ec28097341bd02fa4a62343e81956978,Fabio Martelli,2013-03-15
3160c03ccfd50d85af02200c2ea6b081ee147b67,Francesco Chicchiriccò,2013-03-15
5918be35d4734c03caabb5b188a1b6f07968ef49,Francesco Chicchiriccò,2013-03-15
4f0cb18b7c777dd41aa8205211a72b6cc217b8d6,Fabio Martelli,2013-03-15
8b372b88ab4241a7930619f13f7d40b8552a5325,Francesco Chicchiriccò,2013-03-16
42e14747bd5f9ecd55f3e846c923ab9c1023562e,Fabio Martelli,2013-03-17
6181e5c8e38902a327b8f20aef6aecab0d310311,Fabio Martelli,2013-03-19
15dd07372c0da6075d3607e68f316924d2d42c88,Francesco Chicchiriccò,2013-03-19
e8a50c9ed1fa2e4638e6e2ca38fb0eba461676af,Fabio Martelli,2013-03-19
dc893d8eee1231ae1832017e7eb3f963b6862138,Francesco Chicchiriccò,2013-03-19
aa9cd6b9da825787821443345ff58fc2182fa2f6,Fabio Martelli,2013-03-19
c0e4d13203cfc7e0c0750dfbe66c7f3f7abb1c84,Francesco Chicchiriccò,2013-03-19
53c62e91ac52ef43e252e427366e8325846a66da,Francesco Chicchiriccò,2013-03-19
b5eae3d623bae9bec17f8f1f56565d2a8027dea1,Fabio Martelli,2013-03-20
37f691bfd0ce3886400464bbfbea71a7c427026f,Francesco Chicchiriccò,2013-03-21
56ab9d8e8c63e46b99e69eebc9fc41d292ea95f7,Francesco Chicchiriccò,2013-03-21
9a74fad7994e916d3edb74e299ecf3218d38232c,Francesco Chicchiriccò,2013-03-21
7cd549c1747c5f1a7e00a4e1f2e8672cfbf8e6c9,Massimiliano Perrone,2013-03-22
101a59ed4b227c4de0db3ad63471413d26a926fb,Francesco Chicchiriccò,2013-03-22
972812f69d456c13320e02618c03f0f7a77c0dd7,Francesco Chicchiriccò,2013-03-22
17ec66673c565e62319fb0408bd424e8440e1ad5,Francesco Chicchiriccò,2013-03-22
0438111af1088172eeb05c61d571dae2b80406b1,Francesco Chicchiriccò,2013-03-22
3272f8bd60a97678bd73f51111d8e033f34f3169,Francesco Chicchiriccò,2013-03-22
5cddb83c0711aba8fd58f914e36d7bf91f5afd1e,Francesco Chicchiriccò,2013-03-25
a590cb4caa2505af2b93de1742005a3d2d54b913,Francesco Chicchiriccò,2013-03-27
51e9b08762a596508c736264f2bdc9c7e4456c94,Francesco Chicchiriccò,2013-03-27
0bf5dcaa39b3499913f771258b29c0623b402dc6,Francesco Chicchiriccò,2013-03-27
4abe75635a5002bc17a3b8891f91e5a186febf14,Francesco Chicchiriccò,2013-03-27
a91e711938a6c3f5fd6c517cf40a4ba08e42f1bf,Francesco Chicchiriccò,2013-03-27
e8f6ab85337dacde1ffec29e57f364edcce9b4e7,Francesco Chicchiriccò,2013-03-27
11deb24831dc17eb8fdba33caa16120f0092560e,Francesco Chicchiriccò,2013-03-27
1a32af978e4af9d6e90f7289dca8bc2e97dbb1cb,Francesco Chicchiriccò,2013-03-28
57f107df8b335c0c5d283278174c03da97b352b0,Francesco Chicchiriccò,2013-04-02
6c1469a2e189656469a2385fb0f9a65e1bdcf262,Francesco Chicchiriccò,2013-04-02
055dcd2bf9203e28d817cc7c184cc4751742cb08,Francesco Chicchiriccò,2013-04-02
3bc4f9e7bc697f694057d57fe0fb33b7ccfcb892,Francesco Chicchiriccò,2013-04-02
a45ef9cc340b4855541c55721ee64a342217014b,Francesco Chicchiriccò,2013-04-03
991fb8a16f2dd538e404dbef7658aae5a17a3329,Francesco Chicchiriccò,2013-04-03
a1174ba3861b8f93bbe206a5a04d02cffaffec18,Francesco Chicchiriccò,2013-04-03
0233389ff7268ca70e09827f588eb09212efcbbe,Francesco Chicchiriccò,2013-04-04
db4ac98b2ca1279f96c9dd818318853077216a93,Francesco Chicchiriccò,2013-04-04
6a615b3317e18f274c04d777b922eae78c177a6a,Francesco Chicchiriccò,2013-04-04
03fe1cd43606eb2bdaa90d241ee81017397a321f,Francesco Chicchiriccò,2013-04-04
0a43fd272aa909fc8dbb9dfdbcd42daeabccc9b8,Francesco Chicchiriccò,2013-04-04
475ee6b0cf1ef6f07caa2c373dba11939782dbb9,Francesco Chicchiriccò,2013-04-04
b9d894cc62ebeec61aa0dc27a45e516c4839b1f8,Francesco Chicchiriccò,2013-04-04
4ddfc307576ed27d21474b9ba47928896410e316,Francesco Chicchiriccò,2013-04-04
e6abd8d71346974f482680f76164062d1e0b7d7f,Francesco Chicchiriccò,2013-04-04
bdeebce94afa7b9326ebf019c3c662b4a09ac46b,Francesco Chicchiriccò,2013-04-04
23c6a874d7a1659a400aab48460de2c84167f178,Francesco Chicchiriccò,2013-04-04
5559abf423c2622c513e3099dd4963e53a1e7724,Francesco Chicchiriccò,2013-04-04
b5df44c8dd3005ae4205c44757bed571ff23ffeb,Francesco Chicchiriccò,2013-04-04
204fe738e23698852f1db58e5fe0f8b1804cdc8e,Fabio Martelli,2013-04-04
aa797a7e6ebcd0d44700e745cf5cd7fc1f965a43,Francesco Chicchiriccò,2013-04-04
04ecd472692bcac1745fd6ee496b89df00ec4da6,Fabio Martelli,2013-04-04
1d652c0a7decac4bcf341bc4beabf44394c96f74,Francesco Chicchiriccò,2013-04-04
b84a98fe9638b3263c89b2a68d6d14571a17cdf9,Francesco Chicchiriccò,2013-04-04
ec4180ba8a9013ad6e7b9623d42f75e42fabd374,Francesco Chicchiriccò,2013-04-04
24fff0277c62e57902dada6ba80d3c066c4b61cc,Francesco Chicchiriccò,2013-04-04
92049f71619341adc64bc0ce67cbd189374a0c40,Francesco Chicchiriccò,2013-04-04
8f9189026b5a5b4a0dc5fa1fa21a1cd86ea5980d,Francesco Chicchiriccò,2013-04-04
c6aaf74cba80cae5909db43036d21061cae386a0,Francesco Chicchiriccò,2013-04-05
a24622a8692a7170124f6685b104c68c4d99e2b7,Francesco Chicchiriccò,2013-04-05
6704a418bed1c17655e85b6d66128bb1e94d6079,Fabio Martelli,2013-04-05
ddc751d53cd677fdd55d99f991b006cf5f250d9d,Fabio Martelli,2013-04-05
b970d1fe0f9c81224abadde872c2394a41844a43,Francesco Chicchiriccò,2013-04-05
cb27a29eb60e0b3322b2fad8b9689ba91b132103,Francesco Chicchiriccò,2013-04-05
42d5507c60fca11b65638ff62f2f21d6ff47631e,Francesco Chicchiriccò,2013-04-05
04c3c0a238b9c6061ace7b1777c3bad217fb728f,Francesco Chicchiriccò,2013-04-05
b9f063e2b3665d79abac97e01cd9ec9ae7319cc2,Francesco Chicchiriccò,2013-04-05
05dc890c19bd57c621ba1980768777a702f474f3,Francesco Chicchiriccò,2013-04-05
38810d792dff394605548abc7b5c729efe1ab718,Francesco Chicchiriccò,2013-04-08
017dec4fdd91eec89561ad653c33e2d966ec4dfc,Francesco Chicchiriccò,2013-04-08
714e83f6c052bf20f90d152a84cc20a93eb45c4c,Francesco Chicchiriccò,2013-04-08
84e1566164ecfd46285a37f0bb3d66da2e2e016a,Colm O Heigeartaigh,2013-04-09
f7661effdc8bd6fbf346241c0757c0ca6271ca53,Colm O Heigeartaigh,2013-04-09
c6e7ac002b60ac457751b00a5bc9d683541aab0d,Francesco Chicchiriccò,2013-04-09
f632f56dd8786299ac4d2ef1bf22799bd0d84ecd,Francesco Chicchiriccò,2013-04-09
d0701a9260409b740169bf1a98be0ba641d8bc81,Francesco Chicchiriccò,2013-04-09
f9c5e26ef08dc852ac861835b3bdd7e983a55cd0,Francesco Chicchiriccò,2013-04-09
1f1395c511df03d54c1f07c57992745e6d518da2,Francesco Chicchiriccò,2013-04-09
f9c07a8929beda055855fa85ae1da5b96d85ed41,Francesco Chicchiriccò,2013-04-09
e988ecdbb2c5129743add2c1ad95fe9781949361,Francesco Chicchiriccò,2013-04-09
cefea78d6a7a5da3c5e9450afc63ff9c5969dc0b,Francesco Chicchiriccò,2013-04-09
86ae639ce5d2f0415db436ea77e966a00b29ca16,Francesco Chicchiriccò,2013-04-09
f181a179f7b3a3189fdf722a137659673d140d43,Francesco Chicchiriccò,2013-04-09
33564425bad691ff7ffb88b46a15c6c0e370cec5,Francesco Chicchiriccò,2013-04-10
de62add473637adaaee91451140c56ad1c8594e1,Francesco Chicchiriccò,2013-04-10
5574d12765441908ddd06f1129dc46e7599a0fdd,Francesco Chicchiriccò,2013-04-12
e8259463d1f809e8b50d2777fd511f24e2ac2004,Francesco Chicchiriccò,2013-04-12
a56a8db131079c48b69f48dbeb0c9125ea4dcdac,Francesco Chicchiriccò,2013-04-15
81ad7e1155129a1fae3c6dc3363ebc2a21000a25,Francesco Chicchiriccò,2013-04-15
eb6d36632e982792474e2b9e25862ec949c6065c,Francesco Chicchiriccò,2013-04-15
415104ba8f3897bbe2c7dc5f85ef193fc84d830e,Francesco Chicchiriccò,2013-04-15
5156537301a5905b543a09c9b6f5ef4d37b2c0fa,Francesco Chicchiriccò,2013-04-15
8bb662cbdafd618e1f9536b01afcd141c73862be,Francesco Chicchiriccò,2013-04-15
a9ce3f6a4598436a72e02cc5ba2b2c26550e13a9,Francesco Chicchiriccò,2013-04-15
7f70d538778252a5f4b9706299305e59124c0acb,Francesco Chicchiriccò,2013-04-15
da7b5e75d13bdefa9e9c7e606e5ca233b6aedf2e,Francesco Chicchiriccò,2013-04-15
132365ba6bac7c91df5100952a029325b19e78d8,Francesco Chicchiriccò,2013-04-15
04d9ca137ce31980e481bb30122ae72874c0efe8,Francesco Chicchiriccò,2013-04-15
45dc99f7ffd629663b165657f7a0a8328a0a9b91,Francesco Chicchiriccò,2013-04-15
dd58b3b89912e46c362a0822802fadccc6ac5045,Francesco Chicchiriccò,2013-04-15
e565566adaf561f17a3228d739dceb5d8ff4f78a,Francesco Chicchiriccò,2013-04-15
75d958e42c8bf73feb2de423d510e17d821f5556,Francesco Chicchiriccò,2013-04-15
eda317b5398e4bddd1072db6542a5a81894d37ea,Francesco Chicchiriccò,2013-04-15
84419a924211e274802185087e60ee8f34a76bb3,Francesco Chicchiriccò,2013-04-16
6a6d1050d710d9a934a4320f6a556309eb641dc5,Francesco Chicchiriccò,2013-04-16
9c0d0a85c600ec4cfb43c1b0ec2b144875a309fb,Francesco Chicchiriccò,2013-04-17
c7f6f23311f48ff7e564fb3981231df7e40f0721,Francesco Chicchiriccò,2013-04-17
edbc2d64e4858f499610c061bc4f96b21d0a3f75,Francesco Chicchiriccò,2013-04-17
e7a977f0b093913f3d3795d4e1fad9692c5c801f,Francesco Chicchiriccò,2013-04-17
5fad4e19fde15e31c56ba66c068d4d4508126e80,Francesco Chicchiriccò,2013-04-17
213b8a0cfe4411da6e2aab461ea7b4a7e58ed1e8,Francesco Chicchiriccò,2013-04-18
06e7f6ceffa9a083d6ae592e2613fb173795de26,Francesco Chicchiriccò,2013-04-18
c227bc6a44fb0b7645b66df4b472a18b35a792d6,Francesco Chicchiriccò,2013-04-18
c37221269a75db5442d376b02dab6a81f67c17a4,Francesco Chicchiriccò,2013-04-18
132a8525a26af8cf57b8bf7ce1fc0f9d1bb6f065,Francesco Chicchiriccò,2013-04-18
672cebff2fdee71d150721d522cfd4b537d8e724,Francesco Chicchiriccò,2013-04-19
9ab4a6fd4fc65670110170617ade40aa3a443480,Francesco Chicchiriccò,2013-04-19
aa1a7c6f90bc09bca2463649a944c8797a63cc7d,Francesco Chicchiriccò,2013-04-19
9bcc552c2593011fe9157a76adc5f7e9329f93c7,Francesco Chicchiriccò,2013-04-19
efd920b710d427883c23b295d3c5c92f82811efe,Massimiliano Perrone,2013-04-19
879e8ba046ff4ba16ce578a5045605346ecde502,Massimiliano Perrone,2013-04-19
d6083f9bab8ed01b460c151080b383b75196d21f,Francesco Chicchiriccò,2013-04-19
99088a6c1a6d60dad108a1e7636c2f3840dd7bb5,Francesco Chicchiriccò,2013-04-19
f4b36e580aa875b8384f6ad10abf53813f6be8fb,Francesco Chicchiriccò,2013-04-19
71550a66e999af49729687fd90e72b39c186ba0b,Francesco Chicchiriccò,2013-04-19
41f8139113d1077feb667f6b33290d23c04a2279,Francesco Chicchiriccò,2013-04-19
87a4c00cfb48fa7b22ca89449cfcdaaeefaec5c7,Francesco Chicchiriccò,2013-04-19
8ff311a6e7d314e8aacdab28e9cd738cfce24698,Francesco Chicchiriccò,2013-04-22
1ece33725b60b857f2aa66502e3fbab2b2ace704,Fabio Martelli,2013-04-23
bfad6906af97830698c423fa60a3ff1ed8fb6b95,Fabio Martelli,2013-04-23
3513e543a283f241c78f867184c38eb23d1436b1,Francesco Chicchiriccò,2013-04-23
25fa54767cde686c41427cb8cca1ef8a52614849,Francesco Chicchiriccò,2013-04-23
d7a95a9126bf0eaeec27d82bfa3db11a07996ba9,Fabio Martelli,2013-04-23
db5ac6b4368721ee47114ede686718d3175b1a24,Fabio Martelli,2013-04-23
d84521104e11fe467053fb28c5d90e12bcae3a9f,Fabio Martelli,2013-04-23
e717dc4d620c88df13831e36b263d6c97f82ce3e,Francesco Chicchiriccò,2013-04-24
adad7f32f34e4747a4da4545bf043b5ae7dcd456,Francesco Chicchiriccò,2013-04-24
d75c7209b2035e23cc71cf5c38e588c9a2899179,Massimiliano Perrone,2013-04-24
f64ff23af57b8d9da025060ef146817d5d4527ea,Massimiliano Perrone,2013-04-24
800371ddec3f68603ed54f60bf72a2792ec4821c,Francesco Chicchiriccò,2013-04-24
26ab48865ae7cdbf5860130d76c1fe7391bb72d4,Francesco Chicchiriccò,2013-04-24
062d95c120c7ae0e3b727558e307dc462c22866c,Fabio Martelli,2013-04-24
92c94c273fed8532da1d6770cf8c168b8af9e721,Fabio Martelli,2013-04-24
78f1ed29bc042bdf8a61dc0bddf43d4e6a6172f3,Francesco Chicchiriccò,2013-04-24
e6c09192aa3b6e84223570958ca99f9abfa47d96,Francesco Chicchiriccò,2013-04-24
90359e4e3f6159cbd3de494a27ee1ae42ffafe3c,Massimiliano Perrone,2013-04-24
ad702c78a26924e9dadfb17c75be82d8ebabc704,Massimiliano Perrone,2013-04-25
4cabd59ef5a9b4c73e910ba926e11cf360f4deee,Fabio Martelli,2013-04-26
8be896b4149c3b8c9dfbe1f2a93dc40ab5a9e88a,Fabio Martelli,2013-04-26
cfd67bed4cfbe194dd11bb15e72c1c72c7d2ca3f,Francesco Chicchiriccò,2013-04-29
c62aca26716cfec01cbe1700994cec8e2dbc0a20,Francesco Chicchiriccò,2013-04-29
79dd23cfc384ebbc5fc656206d1aa583a82aaf05,Francesco Chicchiriccò,2013-04-29
2415eb1bf6c6d1be2ff1a008afed29f04c1ac625,Francesco Chicchiriccò,2013-04-29
e3c3db8fbe0d28da4509ec2b8c75392f94940cb9,Francesco Chicchiriccò,2013-04-29
44f1458492681b3d08538363bce25f1b1af69b2f,Francesco Chicchiriccò,2013-04-29
e8c0a92516259d13db857ddd5095e099a60bfc6b,Francesco Chicchiriccò,2013-04-29
179d1ff081fe659d205c85c62a5293ca6d772ba7,Francesco Chicchiriccò,2013-04-29
ea561a4ebcd05cc8266f0ff6f8ca4e3cf7ed1815,Francesco Chicchiriccò,2013-04-29
3e7d7c38ecab1f9dda1a786c9ab1413a58766732,Francesco Chicchiriccò,2013-05-03
60bb88360923570dae48db74922a33975eda8392,Francesco Chicchiriccò,2013-05-03
a0850fdce8480090e05eb6b099c8034d7cd4cd9b,Francesco Chicchiriccò,2013-05-03
302b26bfb7fb93fa27de6c6e11fffa739425d175,Francesco Chicchiriccò,2013-05-07
12a23f7fab5aa540782dd42cae6ff7887b6dfdab,Francesco Chicchiriccò,2013-05-07
9e710da83f0217367bb7052c320e3928f4038781,Francesco Chicchiriccò,2013-05-09
4c4876ec440e826afbcb2f7c54b0b50d330b60c0,Francesco Chicchiriccò,2013-05-09
725916b719d2e5b69b3f9a52a0f2d0fe545d0322,Francesco Chicchiriccò,2013-05-10
760635a4412cdb18037f470966c35a4c8df24ea9,Francesco Chicchiriccò,2013-05-10
dfdfb3be379a3ddccc056fa723d2cbeca8efa8d3,Francesco Chicchiriccò,2013-05-13
de0e7417eee424b95ca508385eca2b190d1df011,Francesco Chicchiriccò,2013-05-13
4b3202fd62155653a7c5ac3223104ff73dec93a0,Colm O Heigeartaigh,2013-05-14
adbb152f4fee4ef498574db72ed0a3b68bdcc1ab,Colm O Heigeartaigh,2013-05-14
00d958a119fb38947dfdcbb61b0c6fb96f670712,Francesco Chicchiriccò,2013-05-15
c683143ab7fe8a39ba8eb735b573b1ff439978dc,Francesco Chicchiriccò,2013-05-15
fca00b0156a41f7828ae273ac3ce025c6f9de039,Massimiliano Perrone,2013-05-16
ac5ee23b11e0469b5fe47ef5e9b79ad7857a23f8,Massimiliano Perrone,2013-05-16
dbe2b6c428959eb8a9f1ace127bd7c8f6e0235b6,Massimiliano Perrone,2013-05-17
23fcd39988c3db798b9d37bdc7f5270b34315a8b,Massimiliano Perrone,2013-05-17
6bf297f13cd1e261ae0a6cd60a902c8e9a41ed31,Massimiliano Perrone,2013-05-17
3675dc52b3a92d25023ff767875813d6c4e6202d,Massimiliano Perrone,2013-05-17
c9718485fdf3224ff04870b9a43b547b648294e2,Massimiliano Perrone,2013-05-17
f7f69b0e2333f7618d548e2d5bdc2dc8fb2e8d2a,Massimiliano Perrone,2013-05-18
0810d8fdcc24529181ca9b156502f31370e00024,Massimiliano Perrone,2013-05-18
76e392a97357835b4641058670609532e26a895f,Francesco Chicchiriccò,2013-05-18
29aec9d37d602b30b5e3a2aacf6e6a55815a6c8d,Francesco Chicchiriccò,2013-05-18
89eaa648b0f8c1839f0a6d888295a43ad2f6bc77,Francesco Chicchiriccò,2013-05-18
c1bad279b3f7e28147bdb80006353c160a94d129,Massimiliano Perrone,2013-05-19
5c534f2b13631f370dd4c398d1479dc44756e468,Massimiliano Perrone,2013-05-19
6321f920b4658c2c01a98d39a8dc3890544a02e8,Massimiliano Perrone,2013-05-21
727fb9dece0d7aa789663a5acc762cbc80623e2f,Massimiliano Perrone,2013-05-21
0e939270addab76b67d70d4345e3cd7f3ff7f9f7,Francesco Chicchiriccò,2013-05-22
9eac46734f8424afca2077cf61ed541359b813c3,Francesco Chicchiriccò,2013-05-22
a1e581ca6a5c84af12335df85fd37463a1c49692,Massimiliano Perrone,2013-05-23
65c6eea19c9d26adacf9e0e6ef0f0073bc7e13b5,Massimiliano Perrone,2013-05-23
9639c7792c6f3d8f976120d9611ed92c678fc744,Francesco Chicchiriccò,2013-05-24
2b3182f4458fd942af7dd55c46e4262f74d24084,Francesco Chicchiriccò,2013-05-24
c63fa3e474e4ab9bbd3dc6426daab10749fab885,Jan Bernhardt,2013-05-24
25b4c27fc8c008447c0fa1ebc5186e93bf0a4a1c,Massimiliano Perrone,2013-05-24
aab6cc28cddc82e806f89ba59f638dc3688a597c,Massimiliano Perrone,2013-05-24
c057c0eb98c093d76663aae7f7ac43bf0efa18dd,Francesco Chicchiriccò,2013-05-28
06a7d0a1e032c1da24ecdceba67bb3fb0f20c6ce,Francesco Chicchiriccò,2013-05-28
d617b618b836eaad5b1f4d4e492996ca3e426d30,Massimiliano Perrone,2013-05-28
13cb72f4fcba493429ae6cb6f046dc5c1c78eb12,Massimiliano Perrone,2013-05-28
223db7ba16cd8413d1e6ab5a4ac5f06e30cb1307,Francesco Chicchiriccò,2013-05-28
f8ecef1fcfb758822771f41afa9907a8715ba372,Massimiliano Perrone,2013-05-28
b15e4ed00543966b0d20e8886f78ac5b9146af8b,Massimiliano Perrone,2013-05-28
907663032e8ffacf6ae420d12aa3c19afd73e838,Francesco Chicchiriccò,2013-05-28
823435b762cfcb57adc4b9db232fa8855bd922ca,Francesco Chicchiriccò,2013-05-28
365dd9d874e9e5b6379b7bd9cf71101eeadd2cd2,Massimiliano Perrone,2013-05-28
3b4f5e1650dfb331afae93ce90ff3c749b3b8bd5,Massimiliano Perrone,2013-05-28
bdcc744f427d20bf35a574e6266b754e233be651,Francesco Chicchiriccò,2013-05-29
f1a6ec238161db4f3637bc1bf9fb894ee8167b17,Francesco Chicchiriccò,2013-05-29
7f44fc4e9c5a92f123e7142814cd66e9819e84c8,Francesco Chicchiriccò,2013-05-30
90d6105e8f5b139ca3ef3bc1fab8aed09953cd63,Francesco Chicchiriccò,2013-05-30
21221c19c5d9021beb2c3393e5110e25f3ff8b33,Francesco Chicchiriccò,2013-05-30
357ef239cff44078b63d5e576843f26b41a0f64d,Francesco Chicchiriccò,2013-05-30
1bcba4409333e831648a227459c38dfde5ab12de,Massimiliano Perrone,2013-05-31
6930e5c48beb2e2719062a12e0f66ae62bf01016,Massimiliano Perrone,2013-05-31
fbd31cd5dd2022c37d9cedff58898d9c9218bdc1,Fabio Martelli,2013-05-31
b97d26cb2fe86c99e9ac6dff60d177074009c7f2,Fabio Martelli,2013-05-31
b28b5843654e8b4c8975b7f8fb1491aba5f92412,Massimiliano Perrone,2013-05-31
25ad33a77ed4d3114260546f21c9dac36f1208e1,Massimiliano Perrone,2013-05-31
ff5e5547d5f8463566fa9dc3e70100fe590ecf0e,Francesco Chicchiriccò,2013-06-03
e9b32c5564805a386e89eee8e97516f5753fd2b3,Francesco Chicchiriccò,2013-06-03
8ba9c866b3176e2d3729f0f9000dc4e2d241e6eb,Francesco Chicchiriccò,2013-06-03
0e33853a83ee61548d055928e2f8b2e688eb0773,Francesco Chicchiriccò,2013-06-03
6ec1f3045468ad31bd69c0e00bdbf13d1a6f0b0b,Massimiliano Perrone,2013-06-03
678165e1ace759fab0bf6e8818581e08ca45d0c3,Massimiliano Perrone,2013-06-03
bbbbb860180d52eee91a0fc119bdbbec557260fa,Massimiliano Perrone,2013-06-03
9e5e49a8e35e1c500d36f1fb95bb89a94d3221ec,Massimiliano Perrone,2013-06-03
520e2e959f1595a4fd8f638e6c70fc021ef810a4,Massimiliano Perrone,2013-06-03
c20d7bffa2bfbf26d1c9db26f847f06d61ecdad0,Massimiliano Perrone,2013-06-03
f62459f5f0b11353fbba0cd969b56fd9ea3408dd,Massimiliano Perrone,2013-06-05
cac3b38822f38ae6e577112fb2308ec46f2b9b04,Massimiliano Perrone,2013-06-05
3e30803b2a87588515f4f898f810bc1c43e3cbc8,Massimiliano Perrone,2013-06-05
5033441ebf282fb17ae59fcd2fa0a5802b88574e,Massimiliano Perrone,2013-06-05
4c61e952f9da7b60256a5f63179b26b96ce30ff3,Francesco Chicchiriccò,2013-06-07
303f75dde3ea9f0c831801984576104ba6c8f599,Francesco Chicchiriccò,2013-06-07
e742da5f3172cd914420d4a40fc1ea78932bbbbb,Francesco Chicchiriccò,2013-06-07
21e8da23ee598d65af23213bc68e18f194f7ae05,Francesco Chicchiriccò,2013-06-07
757678bf720ede9b4ccee55bbab8a46703e893d0,Francesco Chicchiriccò,2013-06-07
f26d2a165fdf8978f7df934ef091c684da40c1ba,Francesco Chicchiriccò,2013-06-07
dc1040e651f14f4598acb74b4977cbdbe71669c3,Francesco Chicchiriccò,2013-06-11
fdbb5c1271912e99b68be6b02f81a5b9c543d395,Marco Di Sabatino Di Diodoro,2013-06-11
abc169e375c3f352309ce8b424d550d8a81131c7,Marco Di Sabatino Di Diodoro,2013-06-11
8d2e814429409498ea1470f26b92f55baf8884f3,Marco Di Sabatino Di Diodoro,2013-06-11
e71c8b8f0a02b7881f12815e7914d71d1298d103,Marco Di Sabatino Di Diodoro,2013-06-11
7f2490e7050b59abbdc9613668d49837fa84927c,Marco Di Sabatino Di Diodoro,2013-06-12
5af121463d1f29cf2fc4d0b38510492099f70fd8,Francesco Chicchiriccò,2013-06-12
9bd4a33024c080dfd62848fd887d39d62335931a,Francesco Chicchiriccò,2013-06-12
b4254c8c2ae1051b8d1a295592cfc2b59404f480,Francesco Chicchiriccò,2013-06-12
9e0ccab4053767b784dbca0cf8245b11195a40df,Francesco Chicchiriccò,2013-06-12
c268c8950b3e9aabd19236b6cbf12500cccd6ddf,Francesco Chicchiriccò,2013-06-12
95efb9bcb4613c3d00d47303335e83fb5b33ced5,Francesco Chicchiriccò,2013-06-12
b8cf3cb6c73f3954fd2469400565bb62d48cbe58,Massimiliano Perrone,2013-06-12
e6634454027559c9496626a5822cba4ce9ae55f6,Massimiliano Perrone,2013-06-12
4b82114c065d071e4b1962187b20c44454045ac9,Massimiliano Perrone,2013-06-21
d126c3f4c203c2aee2bf6307adbadb02d5933eee,Massimiliano Perrone,2013-06-21
dfcb2632e95583dc35cb99f4cac19a363bff4b82,Marco Di Sabatino Di Diodoro,2013-06-24
28c4e796b164e04778c5140eb2b60bb9afd0e8f1,Marco Di Sabatino Di Diodoro,2013-06-24
8e7e89fe62a2874b18a7e6cdd02b26232ec11ca8,Fabio Martelli,2013-06-27
00166b51c13ddafa7a38919a636e24f436d29d26,Fabio Martelli,2013-06-27
c2bfa60899c0d76eda38dc2ff4888c313741578c,Francesco Chicchiriccò,2013-06-28
5e9355691bb1f5851073e7af9adcf6706ab5eb24,Francesco Chicchiriccò,2013-06-28
5cca15db54f476bdf1039d884455c6a8927c09b9,Francesco Chicchiriccò,2013-07-01
c8bdd8534794b955632fcf61bb46dbf9ee9bbcb0,Francesco Chicchiriccò,2013-07-01
a636677ea268cbc7d259c4de0013db0715985b08,Francesco Chicchiriccò,2013-07-02
561a8c64f6810a81e941342106ac8b4afc51404c,Francesco Chicchiriccò,2013-07-02
0b3ca4a98291be7bb1e2ff00b953438401d06cb3,Fabio Martelli,2013-07-04
9d01f95ffdf2ce861b5b8c166d210fea0329b5c9,Fabio Martelli,2013-07-04
7cbc6bf40b4e2d9afbd4c9c8bcece6e5b1265bba,Francesco Chicchiriccò,2013-07-08
dc8fc8325122d605236e9f10ff88c6e42fdbd409,Francesco Chicchiriccò,2013-07-08
4c0d6282d9c750f0ed7aa1917d1c107412be71fd,Fabio Martelli,2013-07-08
4937fa22b46d247dd1490ae5a065285c996c7e7a,Fabio Martelli,2013-07-08
ac1ef5831d010bd782eca6a3936169d3776f4b5f,Francesco Chicchiriccò,2013-07-11
2275dca97b42c7b7e3b0c8bd52934268c10650c5,Francesco Chicchiriccò,2013-07-11
e8cc82cf9455eff35d0240b3d368ad0d2e26001e,Francesco Chicchiriccò,2013-07-11
07ae2fce1f4e9f6c3bd4e099630308d6611c268c,Francesco Chicchiriccò,2013-07-11
680d6bfa0c6a4edef8b03749cde5b75352ac140d,Francesco Chicchiriccò,2013-07-11
3c5e25e326d79f433592a39a5242a90f4f91085a,Francesco Chicchiriccò,2013-07-11
c09af2ab397606e1a9d286ede60fe209fe95ccda,Francesco Chicchiriccò,2013-07-12
8271d5af7d61d4628f21a6ba98641c76944c6a93,Francesco Chicchiriccò,2013-07-12
ab9ec65e579497cb049a75696cd0d3b583aef11a,Francesco Chicchiriccò,2013-07-12
2be5e98bdc63a449a88b00d827777cd9929e1a29,Francesco Chicchiriccò,2013-07-12
1a52b699f4bb26de9fcf77b2f391cfc192c77fab,Francesco Chicchiriccò,2013-07-15
584335e62797d8a82b34900786b6b25c6d6db3b8,Francesco Chicchiriccò,2013-07-15
83fd2c44773e7181ae03a367b3b269e2b90e5563,Francesco Chicchiriccò,2013-07-15
e7bf0f26dd14eb1413d145763ec3bec0d2aaaab0,Marco Di Sabatino Di Diodoro,2013-07-16
d7f593adeda79c36bc831db286c41cce73ee66c0,Marco Di Sabatino Di Diodoro,2013-07-16
050d1990c93aa5067ea6d5485e410a4e62d9e6b8,Marco Di Sabatino Di Diodoro,2013-07-18
7535358c9f3518f3bde54602b79fa540c08c08a5,Marco Di Sabatino Di Diodoro,2013-07-18
5a297a722bee740676ab662cf048c23b39f7944d,Marco Di Sabatino Di Diodoro,2013-07-18
d346a8dbf076792adc9a1adeb704c4c9c2d4e7d9,Marco Di Sabatino Di Diodoro,2013-07-18
7e08d578909df8e006a78c06154b241377cf8ac7,Marco Di Sabatino Di Diodoro,2013-07-18
03bbb1d567c59413d80850e3958a67e71853392f,Marco Di Sabatino Di Diodoro,2013-07-18
eb97ac2950cf63a6fcd4ae3f5eefa1055c0d76f4,Francesco Chicchiriccò,2013-07-18
5eedc275608cd1ac3be18b0819c31418b1a71ee0,Francesco Chicchiriccò,2013-07-18
2e3295d7377155d7a817b917df8d9c4ee04384fe,Marco Di Sabatino Di Diodoro,2013-07-19
40e644bdf9bb32899f2b57ba887d41f7ba4f623e,Marco Di Sabatino Di Diodoro,2013-07-19
d662963a4d863f886eeac214507e9764f1ba1645,Francesco Chicchiriccò,2013-07-22
5bc5444d4197f9a2cadc73282430885d89860a8b,Francesco Chicchiriccò,2013-07-22
de5539a0b91d1c3b99d30b3d51914d6cb3aef0b6,Marco Di Sabatino Di Diodoro,2013-07-22
93384cbf497dceaf888bdc108f61eb1887bf7cbb,Marco Di Sabatino Di Diodoro,2013-07-22
7f37c029191d267a5a90bf9239e8166e74252e91,Francesco Chicchiriccò,2013-07-22
291f5b72bcd61472404f1eebf6fe1d9648bc4aa0,Marco Di Sabatino Di Diodoro,2013-07-22
2933aca8005d8d9daf93303e149dec0fbe642952,Marco Di Sabatino Di Diodoro,2013-07-22
b87b7c2baaa8d357d744771d6c20b187d303b9a3,Francesco Chicchiriccò,2013-07-23
2a653c92daef9621cc507c7621f0ec05bc2e6195,Francesco Chicchiriccò,2013-07-23
24f20d350437d6a0cf6896fba97de5133a0e4a5f,Francesco Chicchiriccò,2013-07-23
dee6705c448a612bf361173379428cdd23d8320a,Francesco Chicchiriccò,2013-07-23
4e25cdd0685445018d74b63791ffe094f06b311f,Francesco Chicchiriccò,2013-07-24
7814135af3b0ea71a82699f7098c934020c30350,Fabio Martelli,2013-07-25
45f7fea7d13eb306a61fed13eb5ff4a9bcbf0c28,Fabio Martelli,2013-07-25
5ff02d7cbfbe4674028aede2822acea712e28c53,Francesco Chicchiriccò,2013-07-25
76a4861d322120ac8e6a9ba21416c858243c0d55,Francesco Chicchiriccò,2013-07-25
19e18bc23f20a2d8377baffdb74b78481bdc7b98,Francesco Chicchiriccò,2013-07-26
23a34b4bcbd8aae74ad25e710b1d4654f22a0e65,Francesco Chicchiriccò,2013-07-26
659506778f3b8fdb20fac7cd08cc97a8f7c55822,Francesco Chicchiriccò,2013-08-05
e7e73aec84d46e41a52fa2d018034367c8ba35ac,Francesco Chicchiriccò,2013-08-05
59f00442b98a5b3f195e0a6e61646d0d7cd0cbc9,Francesco Chicchiriccò,2013-08-05
568b1d76e9d3dec848a294fa26c688b93e2cf5a3,Francesco Chicchiriccò,2013-08-05
b07c425ef30c57d70bf626d050c8dc45e073d433,Francesco Chicchiriccò,2013-08-07
2cd38ed5487e459cab52c9154ea0aa3854fc655c,Francesco Chicchiriccò,2013-08-07
8296a77cb3ef4a561c92ed2791e286d28cbae806,Francesco Chicchiriccò,2013-08-09
eedcf6b93d7d489290d832a2465ad198f54be4d4,Francesco Chicchiriccò,2013-08-09
124d19b4bca6ce23eeb0169d6ec65ffd538cc820,Francesco Chicchiriccò,2013-08-09
cfea4511649744c9088b3aee67a20b81d86625df,Francesco Chicchiriccò,2013-08-09
79c2bc4d7059c18845741556cc152f7ae6f2cfa1,Francesco Chicchiriccò,2013-08-09
4e844d6477f2342c06af1c3537368fbaf3f645e3,Francesco Chicchiriccò,2013-08-16
141b85d6d6a2494e4722ea6ebbe50f65f0e3e07d,Francesco Chicchiriccò,2013-08-21
0cd4827bea4a446337f827285ed52f3f6fd038fc,Francesco Chicchiriccò,2013-08-21
6a7b6b33b9dd64920dd499836d2526422e492662,Francesco Chicchiriccò,2013-08-21
c1a6c91c6abc95d30fb39f7a922ecbc9f1191f4c,Francesco Chicchiriccò,2013-08-21
70dc9d6bafe9fb497b82dac18584938e80f94b1d,Francesco Chicchiriccò,2013-08-22
bbfed46ac8e3c24ae9d78550b4212a6c64f3f554,Francesco Chicchiriccò,2013-08-22
bbdfbf0b5d15648941cc550895d87e32b8823490,Francesco Chicchiriccò,2013-08-26
b88ce95e50ea99de1b2ca2c7d097e9fbf04275dc,Francesco Chicchiriccò,2013-08-26
fbe67ede2e18cf6c7936225dfca6c475faa7b323,Francesco Chicchiriccò,2013-08-30
73c90197dc6bc23bef8ba18de2c248c3379db054,Francesco Chicchiriccò,2013-08-30
9471172951a522a3146b615d9b4109cb4ec6be41,Francesco Chicchiriccò,2013-09-04
965d88fe69b950737ad1f7c96cb0d483f79ac65f,Francesco Chicchiriccò,2013-09-04
cedcfd35fb7a8e58863ca700c537e47fd20cafa7,Francesco Chicchiriccò,2013-09-13
abeeedcaeed937dd23909421647a92de6b395e2d,Francesco Chicchiriccò,2013-09-13
555da1b154a2f846047541873dde7fc58deddd3f,Fabio Martelli,2013-09-16
7c3c2bd0bc6f45b96e9a94a81fa9913bc50fb535,Francesco Chicchiriccò,2013-09-17
8775ee948da95bbc1ebb24c4982e8940307e8d22,Fabio Martelli,2013-09-17
793f3bd3a2a4a1281b3a9926fc92e45fb96c0ad2,Francesco Chicchiriccò,2013-09-17
371a0d2665bfc1c7c09837b303bae9ca2dcf956f,Francesco Chicchiriccò,2013-09-17
bbe1419b837ac95b841c62588a388f321d4a9fbd,Francesco Chicchiriccò,2013-09-18
b040da64815a4db0e738c764b8e03a56652e603e,Francesco Chicchiriccò,2013-09-18
ab494d7fa8987a9c073207679f52399a7c670a6d,Francesco Chicchiriccò,2013-09-18
4e381aebfc91d5203b7b07568c0bb1ec2f0883a2,Francesco Chicchiriccò,2013-09-18
fc8874345d51ed43528f4f2d3923d86c620a709b,Fabio Martelli,2013-09-18
a0ce2dbedfd622be4b61229d0825ef76034f8c8f,Francesco Chicchiriccò,2013-09-19
e04ddc8960da2464e1bf061c0a5579969996c127,Francesco Chicchiriccò,2013-09-19
cbdece6fca0a6b158123a13f29dad3b62cf31ce0,Francesco Chicchiriccò,2013-09-19
9a31c5ffe9a6c45ddb0f78433f917f63a7c5f429,Francesco Chicchiriccò,2013-09-19
3595490683ee1af986b115a053f661b116b74527,Francesco Chicchiriccò,2013-09-19
bec0807f6153b070bfdfa0f6590b402c3edb5654,Fabio Martelli,2013-09-19
f6c68bf65fee88a60c5fd329aaa1f048d74c78df,Fabio Martelli,2013-09-19
04a8b1b55447db916bb5825707bea75216611df9,Fabio Martelli,2013-09-20
b20e8370f55cdfdc09b0a295720562e64fd265a5,Francesco Chicchiriccò,2013-09-20
65d40b7bf12cd0592479eeab46654a7caef370c7,Francesco Chicchiriccò,2013-09-20
7df0dce62a55b82d7f1d637ba61cd69f418c3b2a,Francesco Chicchiriccò,2013-09-20
34c180e0184d9257d42e0f457674ef3defd0fc2c,Francesco Chicchiriccò,2013-09-20
f6bbf957ab7f69d35785ee7dd4a3e3a6ccb42be9,Francesco Chicchiriccò,2013-09-20
af6f161b52b961f05f65d686f26cb86cac4f6142,Francesco Chicchiriccò,2013-09-23
062c66a5f6556ace68f64a3f43ed0998111089e8,Colm O Heigeartaigh,2013-09-26
1ad613209fb0f1d347f121f3d3b34ef55a49e4d2,Colm O Heigeartaigh,2013-09-26
600a82ad641701fcbad390705e926b71ef0a3f59,Francesco Chicchiriccò,2013-09-27
698605939424fba6b54e734b2ec5a35806e5804b,Francesco Chicchiriccò,2013-09-27
b4c2399098e0a076c0731404eeaee81e4635f1d2,Francesco Chicchiriccò,2013-09-27
713e5f276f67861aed1b4fd3632a9cefd3ea8b53,Francesco Chicchiriccò,2013-09-27
d38ff623bf72368e39631f1dcec05e12c8b5af76,Francesco Chicchiriccò,2013-10-01
8fd8919c9f47d5d7328404747e7329a59536c8e2,Francesco Chicchiriccò,2013-10-01
99604ad4eb54d7d5e2df1a2d0862d30c203b7ee0,Francesco Chicchiriccò,2013-10-01
751cf78a522213d1af8d616492a223a32f37cbf8,Francesco Chicchiriccò,2013-10-01
ce8617ae56dc81ab367e4221380b78bdc11fa589,Francesco Chicchiriccò,2013-10-01
1cf3bb8914d365aa35cd253385ea51709538cb8e,Francesco Chicchiriccò,2013-10-01
5966e69a032ed960fcf301d77c40bdf7af4b3a80,Francesco Chicchiriccò,2013-10-04
a034745b9b3097c0d8ca722ec3107f9404d5f633,Francesco Chicchiriccò,2013-10-04
dba895f0e555306a3793f343d671ff44e57d5631,Fabio Martelli,2013-10-07
da16c1c0858ad730132f72917e5cba3c1988529a,Francesco Chicchiriccò,2013-10-08
9348877e53462ffb472ea15a6b7e9869d3a00d0a,Francesco Chicchiriccò,2013-10-08
fc5ad54bf23198264a01d72549f9cdd9fa26a768,Francesco Chicchiriccò,2013-10-10
3abddfcc2f959140f04b520a40886228eac9f98b,Francesco Chicchiriccò,2013-10-11
d41dafd0acbf4a13499d4cd5835c4a8ebd4911f0,Francesco Chicchiriccò,2013-10-11
30189cba6fd5a8bbe52d69f319fa7d94bda7b532,Francesco Chicchiriccò,2013-10-14
f901441a20bb664a320fe476da73a3a4069db2b1,Francesco Chicchiriccò,2013-10-15
9db5e6b44325aff5f9179f2f6910ea2a718f7744,Francesco Chicchiriccò,2013-10-15
23dc1838403a3f7df808edded744e3a682a09690,Francesco Chicchiriccò,2013-10-15
965f68fa0f3436e6180c0d3faecb6d5c30a42fb9,Francesco Chicchiriccò,2013-10-16
f70ba50a6e42b0fa24440ad1299c68b4492f2b76,Fabio Martelli,2013-10-18
c6ac55e0fbabaca87d06b4bffd509ebdc8b54b1a,Fabio Martelli,2013-10-18
043dd97d233c1433bfb75bf3c6a778412bd38efb,Francesco Chicchiriccò,2013-10-22
ecc2a8427ba701b7617ab8096cced50d8e9f72c2,Francesco Chicchiriccò,2013-10-23
26b1fec499ae7dcbdbd34fe7fb44fa16edd6f2f9,Francesco Chicchiriccò,2013-10-23
1873825489cf9cb52be9a87f716b2f9501f88c56,Francesco Chicchiriccò,2013-10-23
d4d7fd505b7f64bc862ba33369fb1f1423ff3938,Francesco Chicchiriccò,2013-10-23
fcba4ceb069085f6aa7bb33050d7d77ef476be94,Francesco Chicchiriccò,2013-10-25
43485c73714d1d17f4fc0b124197214a86c41902,Francesco Chicchiriccò,2013-10-25
3c5985f705488881257f335b8c1060d13d389c54,Francesco Chicchiriccò,2013-10-28
c0eb5ea88e5040820e9e233caad51fbd73d7306a,Francesco Chicchiriccò,2013-10-28
4ac671074064976e0806f2440945ff2a52a1147f,Francesco Chicchiriccò,2013-10-28
e18903cbe1f3cbbb6a101c55d50c728460765142,Francesco Chicchiriccò,2013-10-28
e410841e4c4e513b8800281f2ccc40d21fa6d302,Francesco Chicchiriccò,2013-10-30
d22d853bc2c44ab1776be2a3d01ad1a79fee33ab,Francesco Chicchiriccò,2013-10-30
f4d05ad6a64c446abd26710c65b76db586148050,Francesco Chicchiriccò,2013-10-30
28c4ac21ab3196a9b8435e477a06f940662f4533,Marco Di Sabatino Di Diodoro,2013-10-31
1dde8bf764b4a82bf07c01afdeb79e4829000194,Marco Di Sabatino Di Diodoro,2013-10-31
0ead583e574e126e4363b46a3ce391f9d9fa9ca1,Fabio Martelli,2013-11-05
ca5b676d6614ce8b408ae841919ece5d85f742d2,Fabio Martelli,2013-11-05
8494fc73f911d4e3f18c8d00bc15a1f40ae06450,Fabio Martelli,2013-11-05
795e8ac86dd23303e9c4307d8aea39e62645068e,Francesco Chicchiriccò,2013-11-06
379f700f4ea2235ac9081fd9fd0d6e37fe1f8637,Francesco Chicchiriccò,2013-11-06
95b449081f306574823de95598e61db572992fb6,Marco Di Sabatino Di Diodoro,2013-11-06
133c6b04971522d2123e5a394089e3fdd8cd7495,Francesco Chicchiriccò,2013-11-07
1fa232ccb536915f1b37c30325392000bf666f95,Francesco Chicchiriccò,2013-11-07
3736919b3e7fc2b0824faa710bcec7d3868d8617,Francesco Chicchiriccò,2013-11-07
3d0363f62bd3e7bad37bcd8dea70385dce7fa99f,Francesco Chicchiriccò,2013-11-07
535136d635772e3ba1726a474a0215dc6f75d423,Francesco Chicchiriccò,2013-11-08
c96be1684f1884f698731eb1469faa8ea0c8c271,Francesco Chicchiriccò,2013-11-08
772d5f84764285b83fdcd3760fd3b6cd115c9b96,Francesco Chicchiriccò,2013-11-08
21a175aea1a6103b0838a8c3195a17520cb32d7f,Fabio Martelli,2013-11-08
861bf57bbc50139a9cbc967e2634d1c3f36b9f3a,Fabio Martelli,2013-11-08
d70492b5bc6310cd3f7aabd73033346dffef9216,Francesco Chicchiriccò,2013-11-10
d271417ac044d74714579ac0674dd8c0fe2a0b84,Francesco Chicchiriccò,2013-11-11
c490cf6fa52bf0cce6574b074af60e441b599f95,Francesco Chicchiriccò,2013-11-11
3ff71d74363f119a4378a152d5125348dc79060f,Francesco Chicchiriccò,2013-11-12
a432a8eae69c91b91faeeed71e459d7b92aa50e4,Francesco Chicchiriccò,2013-11-12
8269ea8aab412f4d631644b808691388579f4b61,Fabio Martelli,2013-11-12
e8af6c4a9f66d6389b5163fc9f79f7c4c9c7e251,Fabio Martelli,2013-11-12
55339259362fe3d6b0d2138fb3353772798de037,Francesco Chicchiriccò,2013-11-13
6fc66e149196d80cf614c9d845596493e4fcd491,Francesco Chicchiriccò,2013-11-13
43ffb320a49416a2a052536bebb52f4ebb646619,Francesco Chicchiriccò,2013-11-13
f73a8157e7084a3d3572cb93e6306f492e202fc1,Francesco Chicchiriccò,2013-11-14
d44d64b85f88a7d7087d27d720dbafa90ec8bbfe,Marco Di Sabatino Di Diodoro,2013-11-15
b5c8dea012a09fccd75a1f91d50c653aa4255a6e,Francesco Chicchiriccò,2013-11-15
25d8c0d6b7c76bacf4c229ae4cba1b393a9c38c1,Marco Di Sabatino Di Diodoro,2013-11-18
dab16ce325b527a03ed2347cf7c54d45691674c7,Marco Di Sabatino Di Diodoro,2013-11-18
1ac7ccc16f2210c5552bc2c2ac97d85545400cf6,Marco Di Sabatino Di Diodoro,2013-11-18
597f9f73ab63829d5adaa79bb2f295a396e500fe,Francesco Chicchiriccò,2013-11-19
02668e39ba2f44ccc735af20b3672ca6ad169157,Francesco Chicchiriccò,2013-11-19
fc78cdcc2bf6169b307ff2a208f42612fe11446d,Francesco Chicchiriccò,2013-11-19
95b6bb4da47a31a89ca35998d648896da5ff8cf0,Fabio Martelli,2013-11-19
92373efd005c3906f57a2900b3612e3b1a8183f8,Fabio Martelli,2013-11-20
ac75de55e7db074e5595106039affdf3f1a3618b,Fabio Martelli,2013-11-20
140b3d3325c0fe21f5e3c445108bbe2e4bf6dacb,Fabio Martelli,2013-11-20
a65dd584746a9065c06fc1c6053312222b5f529f,Francesco Chicchiriccò,2013-11-20
89e6c7427fcdb5b369fe478ee777b6371a4fd92d,Francesco Chicchiriccò,2013-11-20
8d81b11290755a4d723f4df516bc08ca4e0eb792,Francesco Chicchiriccò,2013-11-20
e66c72730856895b2848deb88bdea9fd96efd739,Francesco Chicchiriccò,2013-11-20
361b589a9b408c0e1032517d2924c6352cc3b415,Francesco Chicchiriccò,2013-11-21
81a069506a0a2607961b4d112575dcf9300aae4b,Francesco Chicchiriccò,2013-11-21
90d8614679c9cfdec37f672861da659b9320244c,Francesco Chicchiriccò,2013-11-21
ada6093dbb6d3d616ab98598b1d3aec37d1226f6,Francesco Chicchiriccò,2013-11-21
ddc6a540dcdaaa91867ccafa40cea8271336ed49,Francesco Chicchiriccò,2013-11-22
f2d57e45506b184c57fa9b9562b43bb8e69c72c2,Francesco Chicchiriccò,2013-11-22
0485cfd3806df4f4f97c818184136b06329be9ef,Francesco Chicchiriccò,2013-11-22
61be542bec77bdbe92518963b09e527466ca55ad,Francesco Chicchiriccò,2013-11-22
90bb4fd71f26791b70b1181b0d7d5f7d0ef34e1a,Francesco Chicchiriccò,2013-11-22
13d94874631a5603d96ddcb3e7bfbd23de972115,Francesco Chicchiriccò,2013-11-25
3d2f19a3de854f04e7fa110a24f828425f8d89fd,Francesco Chicchiriccò,2013-11-25
a55f19c108391a8976169802c081db28a6589927,Francesco Chicchiriccò,2013-11-25
42bbcfbc91b839f0dfd8266a73b91824294a5020,Francesco Chicchiriccò,2013-11-25
134dc7b82b05fcaba46f93a54f1b9ee7d4d86e44,Francesco Chicchiriccò,2013-11-26
79b590536acdb8bc1caf95de30533cb2a0117155,Francesco Chicchiriccò,2013-11-26
3806fed954ab07dceb833870236965b7a0bf7272,Francesco Chicchiriccò,2013-11-26
dec5c8fa1c952c57ecebf0af2fd9f3cd0a613d66,Francesco Chicchiriccò,2013-11-26
2c11630a3363f9845ac5332ff93efdcbc4e864e6,Francesco Chicchiriccò,2013-11-26
bd0fad81720089dcd0e2be9c8d7f5f8723c8e169,Francesco Chicchiriccò,2013-11-26
ddf0b2590d3ba291fde3f5ee86d12dad55dbd19a,Francesco Chicchiriccò,2013-11-27
8c28a231c828f1d78279582f1dc350ed35f13eca,Fabio Martelli,2013-11-27
a03aee1d61679bbf33fd3b80a2405a2e1fee386c,Fabio Martelli,2013-11-27
03cf4bf515c2b9a70ba833d600bd836cbcbff193,Francesco Chicchiriccò,2013-11-27
3b05135d1c1074b2c991faef55a529f7b5b7e43b,Fabio Martelli,2013-11-28
367a25ecbd5f2c43b1ae50b42218a10f49a4a19e,Fabio Martelli,2013-11-28
0db8e1d47b92c325f58bd3ecaf0fccaa2cbfcd7f,Fabio Martelli,2013-11-28
c049b73d7783d964da87321a3888450df239b3f4,Fabio Martelli,2013-11-28
9b99600792ac6ff5a2fc3fdbec4b1d746c824bf7,Fabio Martelli,2013-11-28
418bc07ff3cdbd4aaf252f5b602a2352ec1eae96,Francesco Chicchiriccò,2013-11-29
188ae49cf394623c2bbbf458df081f1ca89e6a4b,Fabio Martelli,2013-12-02
8c714111685798517c3be5e2f2e5578e1dd5c5e7,Fabio Martelli,2013-12-02
6d5c303bc34c231ee6db82ce0853ecf7b9520d0d,Francesco Chicchiriccò,2013-12-02
f9aef233e493e3ed47f9011ede1b94441272c9f9,Francesco Chicchiriccò,2013-12-03
bf65c0a8cdd5792e7ff5fa3c8b6cb48176c8deda,Francesco Chicchiriccò,2013-12-03
b38383ffb0ad9b167621505b8c542d926f604d0b,Francesco Chicchiriccò,2013-12-03
153dbf28e70db7301df46e0033f4b89ea4c585a3,Francesco Chicchiriccò,2013-12-03
7568625dd9de4c9bff6b1a7a908e85546d5b22db,Francesco Chicchiriccò,2013-12-03
1f4059be5aff6d8023baa519840eee4eb5ff6ea2,Francesco Chicchiriccò,2013-12-03
452ec8e6e6e83f29aa4bd4c4c54dbfc172b28130,Fabio Martelli,2013-12-03
6bbaca5a4ede7be5ccd3412ce576351a219bc994,Fabio Martelli,2013-12-03
ef13ac604ad5adb55a36b4e8da959598e5bd21ff,Francesco Chicchiriccò,2013-12-03
e44408c9d77afb621bf72b84f72e533323b758f6,Francesco Chicchiriccò,2013-12-03
48798d615bba77ccbdd6f8857ad101ccf7cde9bd,Francesco Chicchiriccò,2013-12-04
f2648c51c3f6168095fb67007618e8eff59f38c7,Fabio Martelli,2013-12-04
0e2dfae7c29c375e22427df4655bc102a0808f0a,Fabio Martelli,2013-12-04
8beb540ecfc37e38778d6aab24b185a30395f9ff,Francesco Chicchiriccò,2013-12-04
8c4a227edd50fa0e35dbc77038a7ca2a6a35b3ee,Francesco Chicchiriccò,2013-12-04
c4ae0a7448336ecb8c79fbb2b6d9b8f6625514e9,Francesco Chicchiriccò,2013-12-05
1d191859ab0e500dcbb0a3f64649239db75ae6da,Francesco Chicchiriccò,2013-12-09
357febff8bfe15e711aec65b056c48874a41e182,Francesco Chicchiriccò,2013-12-09
dc2416645f5a52ce1842d6dd46232ced0ad998ca,Francesco Chicchiriccò,2013-12-13
5e30d443869240d91bcd9a2f4c12f0605ccbf688,Francesco Chicchiriccò,2013-12-13
8d1188ac339ef367fcf72a28f256aa4566cb7c64,Francesco Chicchiriccò,2013-12-13
fdada804b94b385db0e50ffb28e06a42e20e621e,Francesco Chicchiriccò,2013-12-13
e16d3b9d6209b6081873a85493839447b332f469,Fabio Martelli,2013-12-14
db01dd93e91964bdcc54954c25b38509a320aef1,Fabio Martelli,2013-12-14
3b3b50ed18ca7bcaaf15bf86dad03e252ac13933,Francesco Chicchiriccò,2013-12-16
72fc3ecd0c5b969ecad79c703397ae1ea94f51bd,Francesco Chicchiriccò,2013-12-16
21a9a607f663d396f14ecea91d02587ccf8ef5f2,Francesco Chicchiriccò,2013-12-16
90e89addb59464ed5eb311ba9a8c698788eaef46,Francesco Chicchiriccò,2013-12-17
dc9a5a8594e7b6dc377c9b42bfa4fbaea449fd7d,Francesco Chicchiriccò,2013-12-20
b41540a30aef6db0dfec2dbb36fc77b1f50ab73d,Francesco Chicchiriccò,2013-12-20
14ab83a7571931f0aa00ceb21eae4e0dccf8baa8,Francesco Chicchiriccò,2013-12-20
31e94fda6ed9bc7e69b8187fef4969c8d678d9f6,Francesco Chicchiriccò,2013-12-20
210e0e48a980a689e21b6d347b0a5ffbc417011b,Francesco Chicchiriccò,2013-12-22
b1ec1c2e176871449398a0677fecbfa4795aa1f4,Francesco Chicchiriccò,2013-12-22
ca218d6ce9c440f7f40af96badefaf64934b5174,Francesco Chicchiriccò,2013-12-24
fef911f6a40c2b59ab6ab6dff004b2787ceea854,Francesco Chicchiriccò,2013-12-27
3da5c0fa8ee9af8c58f356f90cbf871fde23bf0b,Francesco Chicchiriccò,2013-12-27
bba0a441745766d8790aa6948a61eea792a6934d,Fabio Martelli,2013-12-29
dcce063e1c911f86dc3de9b1e6dd7765d78d1566,Francesco Chicchiriccò,2013-12-30
b33f2ca563ebd70b1df0dcd8820264ca4b05a79b,Francesco Chicchiriccò,2013-12-30
5928330fcc0dccd287668ba4d611b5221657d68d,Francesco Chicchiriccò,2013-12-30
2940e5fc1a1efaeac5b75bd232cae744de01b2f4,Francesco Chicchiriccò,2013-12-30
822302c158dc907454835b54d69c811cfed3fdd0,Francesco Chicchiriccò,2013-12-30
8bd972c47de9d8659c9e57cefd30b7c702fc3d33,Francesco Chicchiriccò,2013-12-31
4131aadffb3bf0e24d2cd72ef308aabc9e8c60ca,Francesco Chicchiriccò,2013-12-31
12d53f6f5d3abf3dff81e998bf3e12b66c20a464,Francesco Chicchiriccò,2013-12-31
f285d526ffde53fb323ea66705283e77c8fe85d4,Fabio Martelli,2013-12-31
6afd2ce9bf994e4fdab2426d9e113aae478e0d4c,Fabio Martelli,2013-12-31
77f551d4fcbff8c46d6b0081e14c6d4013c6c0e2,Francesco Chicchiriccò,2014-01-02
23cf48ecb798f3e52f6ff2172d20c79b6163860e,Francesco Chicchiriccò,2014-01-02
1fa6b93cbc6049ece43674f2b7e824b31f78f493,Francesco Chicchiriccò,2014-01-02
dd64e6132c37e9d9364d7ecea06d8c89acb62934,Francesco Chicchiriccò,2014-01-02
7126dd25b1bb769b55cc48fc6613eeec531bec04,Francesco Chicchiriccò,2014-01-02
a2ad6ccd1a11920d4934be9752774dbb5c7f47fb,Francesco Chicchiriccò,2014-01-02
6d8cb33638ff2f5dbe2338c499723459b96aa249,Francesco Chicchiriccò,2014-01-03
00cd27c4bdac866a3cbbe151985585a23935af11,Francesco Chicchiriccò,2014-01-03
14d2886068b5ad044496647a58324ebab85f0e1f,Francesco Chicchiriccò,2014-01-03
23e2a090c434f8db616cf1d97b13589c9978d1f1,Francesco Chicchiriccò,2014-01-03
1eed602d22e56f8e45fce22ce654be9d10b9195a,Francesco Chicchiriccò,2014-01-03
a7bbf55751c24d11302ee5dafefe97581cef35fa,Fabio Martelli,2014-01-07
eafae31625a7aa678413e27a6bca6cc5e471ae4e,Fabio Martelli,2014-01-07
1ee1df99129283fbbff2b236a8a5e68598acdf17,Francesco Chicchiriccò,2014-01-07
ad6dc6fb31c1cbee36b53f86a3c660da318a6f9a,Francesco Chicchiriccò,2014-01-07
19a39b108e5ec656fba7ea4f6a841704b73f79e9,Francesco Chicchiriccò,2014-01-07
5e34f44b824e1209095195b3fc082634adde622d,Francesco Chicchiriccò,2014-01-09
2fcb9137ec48d1ed2655245dd55201b58ca9b44a,Francesco Chicchiriccò,2014-01-09
907983e586194622e921dbf9d24f70ce07cc8dda,Francesco Chicchiriccò,2014-01-09
6cba7826c7d7866179237c1236d5eae8e7652828,Francesco Chicchiriccò,2014-01-09
b63ce558de2acc5577e643c944fca79f11ae3b12,Francesco Chicchiriccò,2014-01-09
95ca7ebe6498ec097e0bf3e480cfdd9bac321a6a,Francesco Chicchiriccò,2014-01-09
5dc6848abf4412487d358163b8b3bb8cbc77b67b,Francesco Chicchiriccò,2014-01-10
e607d6c616fb040d4af55991f7632866e8558e5a,Francesco Chicchiriccò,2014-01-13
08706d81ae74fe73c499c33db5176419ebd7c151,Francesco Chicchiriccò,2014-01-13
d6779e59d9fd8d1b2b60025419e4bfaae66f77d2,Francesco Chicchiriccò,2014-01-14
4501ee23e6a6879f32c2bf4bb1e214d271452446,Francesco Chicchiriccò,2014-01-14
889cb0503e57579e132edad6598331f34f41ab20,Francesco Chicchiriccò,2014-01-14
9b5c1de7b31d31d6a08fd50f525c127a69b7ec04,Guido Wimmel,2014-01-14
e086648cf96bcf2fce0a95e9252127c14a546386,Guido Wimmel,2014-01-14
fcc7059ef14f5c935385c6959e272b2d133e968f,Francesco Chicchiriccò,2014-01-15
96d00bd1ca05f2637604a4bfa6b39f43bef51c52,Francesco Chicchiriccò,2014-01-15
af58a6e90bb05888763e3e5422efd235719d7f9b,Francesco Chicchiriccò,2014-01-15
1e5f2a67f6036f5379dcd740d4b1c4799dee7b90,Francesco Chicchiriccò,2014-01-15
562f472f99ee9c7571bb4f1daa26ff6aefea15a6,Francesco Chicchiriccò,2014-01-28
e9c813556781360223a8a7f8c2ddb8074470ee75,Francesco Chicchiriccò,2014-01-30
9dfcc57a1d33b0bb8be888050d42cac877d2e412,Francesco Chicchiriccò,2014-01-30
850357401eb6bbe0fda61ff80f0543dba579b8c7,Francesco Chicchiriccò,2014-01-30
a1d5248ea73a2882bb66b336a275c57f63bd286b,Francesco Chicchiriccò,2014-01-30
b5ceb60e76328e15a5b680e1ae4d5c74a8c805fe,Francesco Chicchiriccò,2014-02-04
10cbd4a324ef1fd99c9f037b882a07320c9ac3fc,Francesco Chicchiriccò,2014-02-04
aa2535fd1d849ac59f4630f997fa1b64e42e12ac,Francesco Chicchiriccò,2014-02-06
76a37092d16ca6b2ec6e3903feaf2650d65b9995,Francesco Chicchiriccò,2014-02-17
e59df412903b47bdd09bfbfd475f139cd806aedb,Francesco Chicchiriccò,2014-02-17
aab499ea0f52a60b2b34d4adb294c6bd6c513b70,Francesco Chicchiriccò,2014-02-17
82958fc2ccf0fb513a9f70fc7e1fcca1818f8c64,Francesco Chicchiriccò,2014-02-18
fe652b6e606545c75050f2fa537f616809d5f6db,Francesco Chicchiriccò,2014-02-18
273c498e1824d24ea3a5cfc9fd999d966531a6da,Francesco Chicchiriccò,2014-02-19
73b9fc6a0121230aa1c11738e21454cf7d69d4d7,Francesco Chicchiriccò,2014-02-20
ac142327bdaadc616875bcf27e2b9fa33f190506,Francesco Chicchiriccò,2014-02-20
8430f94936a3302bda43fd9e8ca9b95c9781d9cc,Francesco Chicchiriccò,2014-02-22
014674cba70e24191279d49f6678765dce4a6ca3,Francesco Chicchiriccò,2014-02-22
839e9b46973e0ee650f7ca55a2fd28c0d007cf4e,Francesco Chicchiriccò,2014-02-22
0de72c9e46fa9aba2c92721585aaa559120c2d57,Francesco Chicchiriccò,2014-02-22
9323863f9a6949a543b9aef40e41333426e9bc73,Francesco Chicchiriccò,2014-02-26
37302b319b02643be5f541051be844dae536041e,Francesco Chicchiriccò,2014-02-26
eddd08e933a50e2ee8a60288318d240059480324,Francesco Chicchiriccò,2014-02-27
7a3dc720bb8b47e133bc1527bbc0ca2fe5534638,Francesco Chicchiriccò,2014-03-03
ca598cd242ce87cf20885cbf85c0077cfaa177a4,Francesco Chicchiriccò,2014-03-05
d777c75cc8d3ab3c95dc5d68fee84ead320cf1ae,Francesco Chicchiriccò,2014-03-05
fc69f5f1bc5e9cdaf3e5738883535798c7ddfc0d,Francesco Chicchiriccò,2014-03-06
57ad07c3001dea2ee31538d245e2b2ffd4568ffe,Francesco Chicchiriccò,2014-03-06
693a59d25b2c2fae1c98fa2e9788cadf77757499,Colm O Heigeartaigh,2014-03-11
c2f71a535c11adbbf286e2e02fd1b75aa3a99a42,Colm O Heigeartaigh,2014-03-11
8cd8508cfe7b858c049acadd4c789abbd44640f7,Francesco Chicchiriccò,2014-03-13
e19ea805319b6dc8f6f5b16f01f7adb407a3b2fd,Francesco Chicchiriccò,2014-03-13
f60360c937e348ea86937bea2374d14b6908ee96,Francesco Chicchiriccò,2014-03-20
40bbdd453e486f67e3052f9a93800beaf63cd929,Francesco Chicchiriccò,2014-03-20
93730a6d07711a61ac8535c32008abe78ac3735c,Andrea Patricelli,2014-03-26
f0e736e9f7c8c76c24233dec0022a9791b95419a,Andrea Patricelli,2014-03-26
66d2a0ea7113835b71a0c4a72b02bce0eede3b20,Andrea Patricelli,2014-03-26
5187275d845c48349d6b77d1905a0a977e66105f,Francesco Chicchiriccò,2014-03-26
e1b3dd519b2fce715e962ef905ef1946b047f9c4,Francesco Chicchiriccò,2014-03-26
88b5ee2b85177c6a95d7e97f2e75161c8abaaed4,Guido Wimmel,2014-03-26
8d6d712ddb8cff5e457068e9a8e1b8e5e322f2dd,Francesco Chicchiriccò,2014-03-26
65e509c58111e60e7ac30ac6c474ab817172ff03,Guido Wimmel,2014-03-26
44f66966fc5594bf0f88eaa745750cd6c8e740a0,Guido Wimmel,2014-03-26
c586803e2e54227eb0762b1471a252700fedb457,Francesco Chicchiriccò,2014-03-27
4a4a588cd65d6d9c197984b63de4c854b09b6feb,Guido Wimmel,2014-03-27
b2b0402770a8c70d0f34e851724664202cbd64e8,Guido Wimmel,2014-03-27
5b40325e8142d9a2c759566146e637c026cdde53,Francesco Chicchiriccò,2014-04-02
ed016a159e3d5d399388f2876e6093292ab574d6,Francesco Chicchiriccò,2014-04-02
a2c00b973b0b1efe9ab7fdbdcadd881ea2659059,Guido Wimmel,2014-04-05
86e97f2ad821f4d34f4670e0f2f8e49160244133,Guido Wimmel,2014-04-05
f569ee9c71adb8fb7b66dfa7ae5d9ae196d5fc70,Francesco Chicchiriccò,2014-04-07
621b4a58f3fd3549abe4bda1b5e0c916fa408afc,Francesco Chicchiriccò,2014-04-07
4b3a3d8a05c4ee9b2c35b4d410996b441c66f354,Francesco Chicchiriccò,2014-04-10
a0e0490a4da6366822929d1bdb53e69c37e8d714,Francesco Chicchiriccò,2014-04-10
46864183920323eb5e64780919455dd880585d8d,Francesco Chicchiriccò,2014-04-10
46052c4b6aeecf56473b54b62544a07b592e2483,Francesco Chicchiriccò,2014-04-10
2fc251c1ccabc5627abf1b793c64911e1518f906,Francesco Chicchiriccò,2014-04-10
633195d481132b9a2ea3f7fc741b38839c6d2357,Francesco Chicchiriccò,2014-04-11
9929d3a19f4937e60a2b0711eb677f91113e0dd1,Francesco Chicchiriccò,2014-04-11
635ae7f54e15816c470d48b3a8fd7efc4e911000,Francesco Chicchiriccò,2014-04-11
db704f0b255fb374f4a9e93c09ed0590bc472914,Francesco Chicchiriccò,2014-04-11
7803905abaa7cd4b84f6779f60d6b2fd90fd6e42,Francesco Chicchiriccò,2014-04-11
d3341cc4de0335873b01d919b9e23e91d7909fdb,Francesco Chicchiriccò,2014-04-11
23abcf13ab562d4efc44624a7464b5b39f0563be,Francesco Chicchiriccò,2014-04-11
4219c666d1510a4f426b4d1835fe86af5a450b36,Francesco Chicchiriccò,2014-04-15
321fc0b7d1f2e3ea3e5ecdea701d9fa2e1f477ea,Francesco Chicchiriccò,2014-04-15
9673214bb79ed320c414f92f1895068828b19388,Francesco Chicchiriccò,2014-04-15
d23fe36d9c4c1f0e0f3095e64048a50ccc8338de,Francesco Chicchiriccò,2014-04-15
d39ff3ecdd048c262611fe5615047ca5a796236f,Francesco Chicchiriccò,2014-04-15
e8a48fafe107b334dc10eed7386a220d15a6458c,Francesco Chicchiriccò,2014-04-15
390b1da8a7de272ffcd82291370b31d2d11192a6,Francesco Chicchiriccò,2014-05-05
609b13723e92ed4114b7ed7c8d45153e830937fe,Francesco Chicchiriccò,2014-05-05
fe453b139f731526ffa500a9277501ac1a7faa3c,Andrea Patricelli,2014-05-06
3bfce48c33219b1ff8c0e0b290c1f2ae81a09c24,Andrea Patricelli,2014-05-07
8b65d32d1982d628cda60240006eee2c156f9ce9,Andrea Patricelli,2014-05-07
08135bc89760c2bc64ad15762f19e5907b331eac,Andrea Patricelli,2014-05-07
efb1ab7252cd55f1a983b220c64f247591094eb0,Andrea Patricelli,2014-05-08
1bfec5da1dd1ed5c1368d4bac60a1f30c2fb7700,Andrea Patricelli,2014-05-08
067b6ba262293b6f58a7340e9cac17d6e7109682,Andrea Patricelli,2014-05-08
8dfe9c1bc0df70b9835a384c037c634a2131125d,Andrea Patricelli,2014-05-08
5dc2df09e77c46cfbfa056cb5947ff8ff36b0396,Andrea Patricelli,2014-05-09
d01e0dbf3b4cd7af5d7fa49aa7dff719ad5e50f7,Francesco Chicchiriccò,2014-05-09
9eba67054492be0c33c3d799b94373dfbe2748e9,Marco Di Sabatino Di Diodoro,2014-05-09
b5fb5466845ac1f5573a84f3da91c085aa59aacd,Marco Di Sabatino Di Diodoro,2014-05-09
a0976793c6e5f6e05ef8e0c0d25613b9f42a7e12,Massimiliano Perrone,2014-05-13
7cd4b43de678e9545fd191d6f6b102eddd674141,Massimiliano Perrone,2014-05-13
aec871593474abe8dc16d654d6d408ad81986990,Marco Di Sabatino Di Diodoro,2014-05-14
51f405913c8e3c8d9dadf6e0dc570300902b05cf,Massimiliano Perrone,2014-05-15
caa7e0a214fe239977b0a65fdd1931cb271fff93,Andrea Patricelli,2014-05-15
356d3588fd8de068a59c6fba7f7b7429677899f7,Andrea Patricelli,2014-05-15
f3a706aac2b80f38108ca5360d99b9766ded2461,Andrea Patricelli,2014-05-16
c58b3c763994d40dd5464a3aa5af369393017028,Andrea Patricelli,2014-05-16
f25aff5d61c72ec5f643fe8a5891c14bfd069635,Marco Di Sabatino Di Diodoro,2014-05-16
a82e9512b5bec411173cd0fde8dd1cff42d63501,Francesco Chicchiriccò,2014-05-20
962e8ba3eedd9544b943c91f41dd1c05093eb9c8,Francesco Chicchiriccò,2014-05-20
118386277a1ad40a930b49ae281b1287e107f675,Francesco Chicchiriccò,2014-05-20
cf592cadb56c6e4df14cde7c16940692b8d17b18,Andrea Patricelli,2014-05-20
83341463c43e7037085e7401d363baf5e6f37440,Andrea Patricelli,2014-05-20
374014a526c66bf7c0a731d667ca97826befbc02,Francesco Chicchiriccò,2014-05-21
8e0045925a387ee211832c7e0709dd418cda1ad3,Colm O Heigeartaigh,2014-05-21
0a11fd9e12cbca450e95a9887b277381a1731ffa,Colm O Heigeartaigh,2014-05-21
6c4bc7692e65f436c21679c241aa2ef1bbdb9600,Francesco Chicchiriccò,2014-05-22
eb6defb395f155d5b0055bb657c83bc29bc86ef6,Marco Di Sabatino Di Diodoro,2014-05-23
beff6f316b183e32bb6325d91e4f0f40e27d0b47,Colm O Heigeartaigh,2014-05-23
8fd5166e7e36781aaeebeab027c3f3b27b59d640,Andrea Patricelli,2014-05-26
a2543655dbf448ce96176ca41e8ced1e3b838efe,Andrea Patricelli,2014-05-26
f2dea589c72175917bd04089eb9d92911f077bbb,Francesco Chicchiriccò,2014-05-27
df530a70fb23b101c8f8e32e1ef4c254492b2ee6,Francesco Chicchiriccò,2014-05-27
2a85fe9cd8eabba6fb03107acb3f30052c4c7d55,Andrea Patricelli,2014-05-27
886a706bb9ecfbc22f024f2ce29b88ea30fcf93b,Andrea Patricelli,2014-05-27
963cc3105fa8e15862c2f0b45d41e4e630cf5d6a,Marco Di Sabatino Di Diodoro,2014-05-27
0826adadda176ff68d6c18f1ae726229bb288345,Colm O Heigeartaigh,2014-05-29
6d75eee838f60a78c6c4522750783c7b267cd744,Colm O Heigeartaigh,2014-05-30
2276d7e08334c185eed01e0f4c9d6ba49c224b0f,Colm O Heigeartaigh,2014-05-30
aa785a5936359142e8994037fca4076ae503e46e,Francesco Chicchiriccò,2014-05-30
fddf82ce00935c478785d56e5e3a58507fa7dd77,Francesco Chicchiriccò,2014-05-30
4ae34cb8a65f96f173f5a73167371221a6f7a93f,Francesco Chicchiriccò,2014-05-30
1fb8577dbb4b59933c75e1b1b37e3227a2161349,Colm O Heigeartaigh,2014-06-03
14cfe531f02553657578663c2523d9c1a30c2ef9,Colm O Heigeartaigh,2014-06-03
a2121b3ddfa8440937e8f14d15f245d056fd43d3,Colm O Heigeartaigh,2014-06-03
ffc61f0e328a2ec702f0e9ca72cae31ed38d9b53,Marco Di Sabatino Di Diodoro,2014-06-03
316eca74d0fc08548d1199fbe2f49325ca84d866,Francesco Chicchiriccò,2014-06-03
68a30239f8bb817ae020c3dcbbf2cc7c92423c32,Andrea Patricelli,2014-06-03
576509c4e5e40bc708bf5a439ac3ba59e45ac244,Francesco Chicchiriccò,2014-06-04
435cf91cda4887ee8305ceaee9dfb3f85635ea9a,Francesco Chicchiriccò,2014-06-05
3ddffc0364ccd183793701359dc77e6125943e9a,Francesco Chicchiriccò,2014-06-05
a01f0bae81494750cc3f9914abc58301d7effffe,Marco Di Sabatino Di Diodoro,2014-06-06
d3c0eaeed17f1ee6410f98414eb3adb01b480fa3,Fabio Martelli,2014-06-06
b52f7ab237abcb0994a9ebf2c308445e4eaafcb2,Andrea Patricelli,2014-06-06
e1c0b2c001ba273b16fab62f5d8d59492b8b303f,Marco Di Sabatino Di Diodoro,2014-06-06
7acc8d151365691add5854c0120b1459f07de2e8,Marco Di Sabatino Di Diodoro,2014-06-06
aceaf25fdc38d26e5885a78ac2e775352eca1715,Marco Di Sabatino Di Diodoro,2014-06-06
9fcaab6afb4f253937f65c2b470ce37b775e6e24,Andrea Patricelli,2014-06-10
64921b27287602c91373effcef1e2125e54693eb,Andrea Patricelli,2014-06-10
c492831ef7ac5cbbc1c28584e87c10e073a76bbb,Fabio Martelli,2014-06-11
7a74fa1b19dd9a7b1e809aa6ddf4d432568ff074,Colm O Heigeartaigh,2014-06-11
92ba1e4acd2fbddf39f0edbf532a5f429c180b97,Andrea Patricelli,2014-06-12
f62322c85fbc26a10ef2605e7f6b81dc98401006,Francesco Chicchiriccò,2014-06-12
56358f7b42b3990422731bd53067cdae82c64073,Colm O Heigeartaigh,2014-06-12
46e0a3d9d7a7d1f8688f056335456da1a486afcd,Colm O Heigeartaigh,2014-06-12
efc684bcbdbcfc84e43017d36fb9b390236bf748,Colm O Heigeartaigh,2014-06-12
7450a07e98f0ee3f197d277701c1d60e09b1dc73,Marco Di Sabatino Di Diodoro,2014-06-13
d12db0f3c7999c7df441faa60b5114195f403e18,Francesco Chicchiriccò,2014-06-13
41469ede190937f97a8017ab9e57f3dfa00e1699,Colm O Heigeartaigh,2014-06-13
856eafa6924a37948697b93333dc011900290f3b,Andrea Patricelli,2014-06-16
e917514b4d73425a8da26567d3746da42ca64921,Francesco Chicchiriccò,2014-06-16
d01410b1d35b62697aa49f47b8f8ef0e7d92e05a,Francesco Chicchiriccò,2014-06-16
ddb0426d40bb817728d47d03098abb7ffe064a90,Andrea Patricelli,2014-06-16
e62398514bb634138aab4a18d62efe36dcaca2ff,Andrea Patricelli,2014-06-17
0fa005277cc575b594e4d208d03898b81b27796a,Colm O Heigeartaigh,2014-06-17
9e8f642915f5622fa7e2b55611b427e2c178ee55,Francesco Chicchiriccò,2014-06-17
591ff5ffc5961287aa5ef68c3310d231523107e1,Francesco Chicchiriccò,2014-06-19
c356d53465ba4d437ada6576fd93ef5f60aa8371,Francesco Chicchiriccò,2014-06-19
d04b3e2b1ec80bba07f840325a836da196ac58b1,Francesco Chicchiriccò,2014-06-19
34ea443efacf4ca158ff05ec250a1a9f5245e5f7,Colm O Heigeartaigh,2014-06-19
2355d0b3b888a26e413d9b5b949c7ec6c089a0f0,Francesco Chicchiriccò,2014-06-19
1bd086af5f873b9e4d221b2eb899dcc8a9733cae,Marco Di Sabatino Di Diodoro,2014-06-19
050cf08297a71d6eb0105b94cd07551909ea6755,Andrea Patricelli,2014-06-19
4fd7a195fd35d91bd3a6e7de4d8c504bd0be16fd,Marco Di Sabatino Di Diodoro,2014-06-19
91d7bba36bcfa59638102c74c6d855cd9d8889be,Francesco Chicchiriccò,2014-06-19
17fd6670657cff47ef5008d36fdf8d4a26aa2efd,Massimiliano Perrone,2014-06-20
d2629d9f465f03c5402bb6c71c7cbe2c7cd8c575,Colm O Heigeartaigh,2014-06-20
6b3eb8a72138000d1023668f0fe962705663aaae,Massimiliano Perrone,2014-06-20
4ba7dde493f4b8ef372aa202b3a4d6c0e2ede01b,Andrea Patricelli,2014-06-20
0eae170593465dfee2f1975384b30101df8c9a1a,Andrea Patricelli,2014-06-20
a79e1f3d38f5d308ba86c75028546d1ee30c484c,Andrea Patricelli,2014-06-20
13f2038c7164d33a8b6d3f5a05ae72799b83dc47,Francesco Chicchiriccò,2014-06-23
ffaf3fee6549e01394b1a59985c3385fd403549f,Francesco Chicchiriccò,2014-06-23
bc9ec67d1f0d2fe8f7aabedfc1b9b32b19c0f224,Fabio Martelli,2014-06-23
33a1f53cc3edd1a6d0c08bf04eaf7a8b02b5bf28,Colm O Heigeartaigh,2014-06-23
0e47448acfc5d1504a603242d1a9181cec73d780,Massimiliano Perrone,2014-06-24
cbe082a2ebf17cb5ebf0f4be93cca1eda5b80446,Fabio Martelli,2014-06-24
a167a8390c504a310155bf695470454dcf629cd9,Francesco Chicchiriccò,2014-06-24
088f5646df41b85523a2a7b8e5ccd0ec85222298,Francesco Chicchiriccò,2014-06-24
65f506efd5e86908663228760b30a97fca51e522,Andrea Patricelli,2014-06-25
c3b14109479aea11678cfed2340290f0521b73d1,Francesco Chicchiriccò,2014-06-25
00f9c7b8f270104b237e8dfcf79e94930aca200e,Francesco Chicchiriccò,2014-06-25
56c18fe7854e83c6d64c7c938a49793c1419cd59,Fabio Martelli,2014-06-25
eab47ce43099061d51f9e003dee93a84992e6d1a,Francesco Chicchiriccò,2014-06-25
6af05cd4185f6edfa1f20bf7ef34a148f64dd9cc,Francesco Chicchiriccò,2014-06-25
59ba01e7a9873228605dcb68335fb2a00a752398,Francesco Chicchiriccò,2014-06-25
d3a0a4016625815db192fe95b6482e60ff258b9a,Francesco Chicchiriccò,2014-06-26
e35c02a553cafc8965546648dcdc2e96d0326bd6,Francesco Chicchiriccò,2014-06-26
a84a4da71543b479813839a5c7520908bd8cdec4,Francesco Chicchiriccò,2014-06-26
a77dee7721cef2d2b3d8aa80a88ad13e42204454,Francesco Chicchiriccò,2014-06-26
e039f8936228fcde8a4c4428c8e241376fd509f8,Francesco Chicchiriccò,2014-06-26
89d17fe981a996b78a52191d2747a45a2973b134,Fabio Martelli,2014-06-26
7eda1690a7a5b22caca1cf727c44a1446e863568,Fabio Martelli,2014-06-26
98324791e89259caa407d74c8e9e2ac447ea38bb,Francesco Chicchiriccò,2014-06-27
5e286d2702789dd27f01cc151db5bf351d488381,Francesco Chicchiriccò,2014-06-27
7d0c196cf6e916d4c44274d4d918bcb3aaae2e78,Francesco Chicchiriccò,2014-06-27
79fabe3bc70721bf91fd626b6762e76ff08107ac,Colm O Heigeartaigh,2014-06-27
6998ea18506d33bf40bbb54398af6efec215ddf3,Colm O Heigeartaigh,2014-06-27
7d705ad556778dedee9d05df5aec07cdf0328716,Francesco Chicchiriccò,2014-06-30
8d951516e835207e89f3bc9c270140cdbd832230,Colm O Heigeartaigh,2014-06-30
a05a46da05436a7897564b31c5cca9d050ee9ae1,Francesco Chicchiriccò,2014-06-30
4a3988ff9b266acdf57d616927208bda8db582fa,Andrea Patricelli,2014-06-30
55a2996c921faf3e7fbc42b486b761109c0cc8fa,Andrea Patricelli,2014-06-30
20510d1baa03f4c219432a6aa5eeee743f92e042,Francesco Chicchiriccò,2014-07-01
e3169a04a0292d312e2d126b788dae8149e14418,Francesco Chicchiriccò,2014-07-01
5f3f9d13d29e37d0c9c6f2e094cead31b80cadf8,Fabio Martelli,2014-07-01
c5d7cf3f4fabcec8d3a16a2406d86c19e1db37b7,Massimiliano Perrone,2014-07-01
727f9d70f2e2edae20a2d926e73eda1a58314fae,Colm O Heigeartaigh,2014-07-01
ddbb604af3cf4cf381599b143e3c05c544266197,Massimiliano Perrone,2014-07-01
133994507c046b97da007323229503aeae1b8c73,Massimiliano Perrone,2014-07-01
8ab5204aff9d90d8d253cdc1711f72115c77a513,Francesco Chicchiriccò,2014-07-02
ca7d49d1aab9456bf8e9ab8ef84c7eb701dc05d6,Andrea Patricelli,2014-07-02
a427cd05c7936d2a9a85ff27361a62c2515905b4,Fabio Martelli,2014-07-02
72024c992003eb4e793f19b412922a33d1177a45,Massimiliano Perrone,2014-07-02
571f10977628ba56758d901f0ab2b46063ebbcc8,Massimiliano Perrone,2014-07-02
75330b221f55e95839bc5b4af0b39b30ce73938c,Francesco Chicchiriccò,2014-07-02
a1d48ef53c4f79d9c2dcdb37e8adbee58a56174c,Massimiliano Perrone,2014-07-02
f5e1c9921fa913956703cf765782512c97889b39,Fabio Martelli,2014-07-02
7bf4127e98236f938f528d251f01fb9fab559b00,Francesco Chicchiriccò,2014-07-02
eed265e8c96836228c19247f2e8cbd918ec22dee,Massimiliano Perrone,2014-07-02
7771420d7dfa988a888e1dafb3bba69a49179c65,Colm O Heigeartaigh,2014-07-02
399de2db060bb615807b63d2527d4d7d75da13a5,Francesco Chicchiriccò,2014-07-03
d76f0a314f11735ae55e0c140a1add914b33d94d,Francesco Chicchiriccò,2014-07-03
f22784afcbd1d61e71f2d6af390d5ab8c20e5f20,Francesco Chicchiriccò,2014-07-03
eca2559de04ffb631e938dd671ca5128faeadd5a,Fabio Martelli,2014-07-03
4e91da1cf91d20b87452bdcab163303e71dbe1fb,Francesco Chicchiriccò,2014-07-03
512efdabdf9f4011a71fdefa494db93630749fd1,Francesco Chicchiriccò,2014-07-03
9f7bb23dda3cf6479bffcdc02522afc69d067ed0,Francesco Chicchiriccò,2014-07-03
bdc4d84e1cb44ded0ec9e8b002bf2a4a6529cecb,Massimiliano Perrone,2014-07-03
e1c6977bcb861365d8dbd56215d22c5338373461,Marco Di Sabatino Di Diodoro,2014-07-03
4f522e9e88e0c5dcd3de3570a33b4b1c33ef2a7f,Massimiliano Perrone,2014-07-04
e423c48443922da70a2d6e58b10a77777556197a,Fabio Martelli,2014-07-04
d534289c3a5621219cc5c975b2410fe28971c703,Massimiliano Perrone,2014-07-04
d9f64ff8ccf88c585f2ef6165d73fe141e3c1017,Francesco Chicchiriccò,2014-07-04
ce6eaaf18b1ceae57e37033a4e1a6a503e0a5ee4,Guido Wimmel,2014-07-05
a56e63ac3b44448c25eccc093ead8c94d2ef8966,Guido Wimmel,2014-07-05
0dbae7d5779735dfc5a0efe53fb43297a8dd8e3a,Francesco Chicchiriccò,2014-07-07
ada16ad9afc7d0fac897148fd1dc178004b48a61,Francesco Chicchiriccò,2014-07-07
b8ce4ce9ed7d73dd892d706338e3034d090b32a8,Francesco Chicchiriccò,2014-07-07
e79714f872be17953ab35f303958980514f6fdfe,Francesco Chicchiriccò,2014-07-07
81ad48c8301c89576d7e04e945ed1b8939626067,Francesco Chicchiriccò,2014-07-07
18c797908a2af9f73bcf2357eeeb0aa3e5d4e50c,Francesco Chicchiriccò,2014-07-07
736f0e17429104e89cfd23f0491a82611d4a2926,Massimiliano Perrone,2014-07-07
04d3aa3af4b110843ec06ded7656bf578ee54064,Massimiliano Perrone,2014-07-07
f57bcc970f1c2189c83259e0c963b2edbb1b9de0,Francesco Chicchiriccò,2014-07-07
0b237956bdf5d49f83ea8a6f9c7a079d2a562101,Francesco Chicchiriccò,2014-07-07
d7709ad756e0aba86607391824185f6d507cb154,Francesco Chicchiriccò,2014-07-07
aeddbc480878c080e7265f0de5f3a8b9f09c0018,Francesco Chicchiriccò,2014-07-07
23fc0987a06841805bbfd719fe4bb4af2a572d57,Francesco Chicchiriccò,2014-07-07
7948f5c8ca06f84681bcb4501058400fabce47f3,Andrea Patricelli,2014-07-11
781da336fc66ea2dd45be8465255c7c509d92a75,Andrea Patricelli,2014-07-11
5f046d417242f47b001f97948e4c4d6af406fff5,Francesco Chicchiriccò,2014-07-17
d14316dcb385e2b3785bacb7e2bbbaadf4f5735a,Francesco Chicchiriccò,2014-07-17
d2579cd1729c5907a67b7a8f4efd75ffeceba245,Francesco Chicchiriccò,2014-07-21
442f41006ccfbff2a2fb03b504d5e1e010a244ae,Francesco Chicchiriccò,2014-07-21
9535238fb9d8a970f3f13bb85c6d42760bbdbafb,Francesco Chicchiriccò,2014-07-21
2112b33c9ac65949d12391a1915ef7a875f23e4d,Francesco Chicchiriccò,2014-07-24
52ffa81d7a6d95fa3be703daf97e5d0ec9089a09,Francesco Chicchiriccò,2014-07-24
811ad253cdcb855249127ac1fe99de17c146b442,Francesco Chicchiriccò,2014-07-24
5df80261213790883f50136b805e57c91f00ab34,Francesco Chicchiriccò,2014-07-24
0928302912d0f8eab365097d2eec03023a81a379,Francesco Chicchiriccò,2014-07-24
daa8b74d5acfffb8a387e5f3fe4d3e7f4544abce,Francesco Chicchiriccò,2014-07-25
64fde86decfafc9a30dc3e1d088926abf8f72b05,Francesco Chicchiriccò,2014-07-25
6f90f9f1c7f6d5b1487c900ec5b2625d382d5ff1,Francesco Chicchiriccò,2014-07-29
20f0d874f94ff3d9713ecf50f77f62d39ce71265,Francesco Chicchiriccò,2014-07-29
05cf44ff0d9085d6e8ac3767f9ede7173f107eb8,Francesco Chicchiriccò,2014-07-30
feb1dd7056191f216e78e71312484bcc42a23f8e,Francesco Chicchiriccò,2014-07-30
972ca985f125db9f5ff64804b49c65e8c0802076,Francesco Chicchiriccò,2014-07-30
94bcbfdfb02ecb2dc5a86fd51aca0ce55dd7f439,Francesco Chicchiriccò,2014-07-30
cdfefa82a2c46cb065c38106d008be8ab8864354,Francesco Chicchiriccò,2014-07-30
f1ec190a7f9a9d4ea0cc7096217593fb896f7400,Francesco Chicchiriccò,2014-07-31
fb0d73fe943b73f518c0cc3b5e65a5bf62e90eee,Francesco Chicchiriccò,2014-07-31
b65235669d5fc42cff6c07302c1eb0d0a3d56eb8,Francesco Chicchiriccò,2014-07-31
be8d067018e2b88413f309182a2faf3a3cfae7be,Francesco Chicchiriccò,2014-08-01
2a8a2909dd4772038532f478247cc08bd3c7f22b,Francesco Chicchiriccò,2014-08-01
ff6a728d8651ea769f8b26317678408558ddd4f1,Marco Di Sabatino Di Diodoro,2014-08-01
ef8379bea3eb3481e761ab35c1cded1e71d1adb6,Marco Di Sabatino Di Diodoro,2014-08-01
2cce61327df35311bb0c1bef3aa59e577755a8ad,Massimiliano Perrone,2014-08-01
c911d2b3e30631b0f745ab6d12666dc6b1a0dcf0,Massimiliano Perrone,2014-08-01
a8c04e787bb0b166a8f781996e7d951fb6cf27ec,Andrea Patricelli,2014-08-04
4cc9a57fd037d971a4246ba57662b0b780576ef4,Andrea Patricelli,2014-08-04
bdc6d2129d8fa3e5d0b6673f35954753fed0cd76,Andrea Patricelli,2014-08-04
e826be6ef3455b73d18e61f2fbaa8d43ea250142,Andrea Patricelli,2014-08-04
f064dce8b254b741eb6c8f7389392464ddad4032,Francesco Chicchiriccò,2014-08-04
a02cf80afb42052020b63cae06fe4fbe19c1773f,Francesco Chicchiriccò,2014-08-04
08dfb837c4426f4e15f98c1700bb9b6ea6f3f9cf,Francesco Chicchiriccò,2014-08-04
25bd8119f3bc458b34e6d08eea9b569677af2a94,Massimiliano Perrone,2014-08-05
e48eb84f97e17c03350f2739d60526b22ca73b6e,Massimiliano Perrone,2014-08-05
cc3259e1ad84ba0fc2eb4da173ae34854f60ea3f,Francesco Chicchiriccò,2014-08-05
6af1397d46a66a67d8d22ea6f7183907019ec12e,Francesco Chicchiriccò,2014-08-05
a1db33fa8f3833fdad6b069232a0490555766973,Francesco Chicchiriccò,2014-08-05
8138e3c4bde85510190673bbbce1823b91ea799d,Francesco Chicchiriccò,2014-08-05
f579d388c20e2d3827ccbfd569c22cf688da3293,Francesco Chicchiriccò,2014-08-05
6cb13879bb499ca546e0f9a7c85551acc8d1678b,Francesco Chicchiriccò,2014-08-05
d7e1ea1e6935261416ec119f7c1181b1b9d92690,Marco Di Sabatino Di Diodoro,2014-08-06
35a8dbef89f0099c0d20614e3295bd6d32b51c57,Marco Di Sabatino Di Diodoro,2014-08-06
092222cc8c1b809208b20d09d281d7508676a4a4,Massimiliano Perrone,2014-08-06
e51fb8346dc5453628a4615ef41534b684446c0f,Massimiliano Perrone,2014-08-06
c5ce9605f424a000d11ccc03e976f1f13fc2d7b7,Massimiliano Perrone,2014-08-07
27028fd5eaba5e9bb1d5952e7d6d7eca93c7b27b,Massimiliano Perrone,2014-08-07
00662ab85cbd0fb83756549abb356ecd8683b4c5,Massimiliano Perrone,2014-08-08
a4c499417ae74d8a4c5421638f0743ccec3f7c4d,Massimiliano Perrone,2014-08-08
179e6dc9f998b316e12e36972b618432f0122669,Massimiliano Perrone,2014-08-11
06e458bb17c77c0dc4df262eac7bbf4fec130efb,Massimiliano Perrone,2014-08-11
8da8a3969219a3de30e9da12509f6e5e8c709b6b,Massimiliano Perrone,2014-08-11
e9668c86ba02f6da64f40aae8c3b7543a39fed78,Massimiliano Perrone,2014-08-11
ddc4fa6a8cecb40b83798dc79b7cb77671640f42,Andrea Patricelli,2014-08-12
35b1b5103afc059240bd18e024e1df7ab05fc20a,Andrea Patricelli,2014-08-12
727a5fa58f2b727babfd2c0b696723cf45cb0d91,Andrea Patricelli,2014-08-12
b1664a34d4bda8bcae512ee1532e2635f1b9baf5,Francesco Chicchiriccò,2014-08-17
16c32a47dcdb1745e804eb64248172f4e5c164a9,Francesco Chicchiriccò,2014-08-18
ab112cace67c8cfcadc04553738242b672430bf6,Francesco Chicchiriccò,2014-08-18
cefc9c6cb84a895e374ee076055c9639b8a7c643,Francesco Chicchiriccò,2014-08-22
3852aef45b59328d2d3ac60ed02e34876753b97f,Colm O Heigeartaigh,2014-08-22
44bb90c063eb4c738614a678a8c5ae9535703d9e,Colm O Heigeartaigh,2014-08-22
c32b53ad83ea950556ebf36e19c81688c1ee49ef,Francesco Chicchiriccò,2014-08-23
01e7676d01fb2e3ede9c8bfabc2a2bea7ecef120,Francesco Chicchiriccò,2014-08-23
dd57980082ea5fb13c982eef2ba141b437c14117,Francesco Chicchiriccò,2014-08-29
18b752304d2beded46ef0c295fb9c4409700a7f4,Francesco Chicchiriccò,2014-08-29
ec188eca3b37fbd0adb66fa7a7178d2f6ebb225d,Francesco Chicchiriccò,2014-08-29
f52b5c011458bfe7ccc6fc90ef633090e27769c4,Francesco Chicchiriccò,2014-08-29
090e7e9d70f9ca42e81eacf6ad7317418fbcded1,Francesco Chicchiriccò,2014-08-29
36a1e2cf784e8e38dd81b6417d9b880c97832bb1,Massimiliano Perrone,2014-08-29
60a5adccaa187c5b1d5a25eba9e85c7cbd3777a3,Massimiliano Perrone,2014-08-29
ed144e0f5f31c164498a3e33d5876175fad4f8eb,Francesco Chicchiriccò,2014-08-29
97730ad67d579cac676e2dec4e5e178e03ca4ef9,Francesco Chicchiriccò,2014-08-29
05efb3d5a4e62852ac761d9859a1b389f0eb1282,Francesco Chicchiriccò,2014-09-01
31b90360446946a2daaf85fac4c0ff8bc1829ada,Francesco Chicchiriccò,2014-09-01
8b306e662a3e04ecb82efde2a80faca048e7e56d,Francesco Chicchiriccò,2014-09-01
fd2c152ed5153186f1ed98c06d8e6e8ee637a757,Francesco Chicchiriccò,2014-09-01
1cd75c35e4e863925b3a57820227de67d3d6c99b,Francesco Chicchiriccò,2014-09-01
720d4e95fac035e0d1835733e148248c519d0f36,Francesco Chicchiriccò,2014-09-01
5c70de81bb338c8596347fd67f0e5252786d45ea,Francesco Chicchiriccò,2014-09-01
4e459a977b491ce630b134672df9f3e9d92cff4c,Francesco Chicchiriccò,2014-09-01
7997a907154bb198badcaa88cad691e95e6b4b21,Francesco Chicchiriccò,2014-09-01
7b4066094f903bb53b2932d268265878862de6d9,Francesco Chicchiriccò,2014-09-02
f8f9ae9b18bc080a7695b580e5c9ffb82e9e821d,Francesco Chicchiriccò,2014-09-02
86185a19b55a0b743f00cee4f8e8ea7849248724,Francesco Chicchiriccò,2014-09-02
bb6a72b562ed94f6270faf04cf1b1e3abd6f977a,Francesco Chicchiriccò,2014-09-02
89d03650d8e350b0bd88353443918f2d9d5cbcc3,Francesco Chicchiriccò,2014-09-02
b131fa137b130247c2a8bc67f601dbcd1d01af6f,Francesco Chicchiriccò,2014-09-02
b9a0e2f8330436fcbca2e49017cba898e7947589,Francesco Chicchiriccò,2014-09-03
7492a37b3759227fb78bf31da84e2d481d91862b,Francesco Chicchiriccò,2014-09-03
daa1b85b125d984447c13bdb3224a9827a22ab70,Francesco Chicchiriccò,2014-09-03
923e005e9fe560b377805f7436ef10a941c3c884,Francesco Chicchiriccò,2014-09-03
db58d386c626ea51388452d57344a1e230e423fd,Francesco Chicchiriccò,2014-09-03
b3bbcb3c9b25d1fce285366e621fd9865874230b,Francesco Chicchiriccò,2014-09-03
763a90a1bef8a72b4a7f7638191edc42b3d03884,Francesco Chicchiriccò,2014-09-03
0e934604aa2921b2a108eac3c50bca92fca986dd,Francesco Chicchiriccò,2014-09-03
ca4d36be25980a8ff8f76b77dc3de2e93f425c7c,Francesco Chicchiriccò,2014-09-03
e5f684671e0685e7708c419b447e3899dab9bbc4,Andrea Patricelli,2014-09-04
504fb159aab341bd4052817168d7c7b3943523c4,Andrea Patricelli,2014-09-05
e760b9ce9af18e61003717823626a5aa3b670b24,Andrea Patricelli,2014-09-05
b98b4a961b2d4da8e9b633e623fd7ac69a426ca7,Andrea Patricelli,2014-09-05
c20d01f802bbac6fb568db7e68b0da8530adb993,Francesco Chicchiriccò,2014-09-05
78ac7ca0843925465097180c11acf02b529919ce,Francesco Chicchiriccò,2014-09-08
d2cca2e9f54670c37dfd1ee52c97b35eb52cf07f,Francesco Chicchiriccò,2014-09-08
83a805a463c2cabaa53d217f7bed9361dd42e208,Marco Di Sabatino Di Diodoro,2014-09-08
3903b84ed72cfc05c276761c3b03737d4b925709,Marco Di Sabatino Di Diodoro,2014-09-08
dace282e2c26851928e9b81bab423e74a3f277ed,Marco Di Sabatino Di Diodoro,2014-09-08
4dee80310a37e111aa27b61f980881e3baf50eb7,Marco Di Sabatino Di Diodoro,2014-09-08
e235ea1a500bc6700c00bb4a66f8dbcb0be0ec12,Francesco Chicchiriccò,2014-09-08
83c3f6cd17d13d3a7ad451e1ea3c1a5361082a3e,Francesco Chicchiriccò,2014-09-08
62e979057897980fb5b506281682fca11a586dc4,Francesco Chicchiriccò,2014-09-08
1939f52bc6123b15c21b4d498b0fe15372302f68,Francesco Chicchiriccò,2014-09-08
04b81f0cafb846cc86e6a8647255f9c283c13de4,Francesco Chicchiriccò,2014-09-08
a9230e157d3674064454ac16f949bcd079936471,Francesco Chicchiriccò,2014-09-08
6eab51c9eeb785097f5c5e5cfbd2104376b9c184,Francesco Chicchiriccò,2014-09-08
5a3fcf498cb84e519cef5afa41a079825fac7f96,Francesco Chicchiriccò,2014-09-08
4a8b680731aa51ae047387bc22ecb7cca9a938d4,Francesco Chicchiriccò,2014-09-08
2b21702d2c2922897832205d0796afcc411ff23e,Francesco Chicchiriccò,2014-09-08
3a0cd26b4a6728c4882f3152e0167651d297ee38,Andrea Patricelli,2014-09-12
6309d1f0b194f1f09b62fb20645174dd8f143721,Andrea Patricelli,2014-09-12
3549ea69dbc395951064e50d92dea4fb9bbf5717,Francesco Chicchiriccò,2014-09-15
20a338c2b9153202e006ffde7001eeca5f55dc03,Francesco Chicchiriccò,2014-09-15
0b5a345533f6a6a41f1725a61ab826173d4f5bd7,Francesco Chicchiriccò,2014-09-15
38d4aadb6cfe50a541a0a302b9c899769b883045,Francesco Chicchiriccò,2014-09-15
4cc9738c9263c75857b1ea80b7b2c3e51494512a,Francesco Chicchiriccò,2014-09-15
e81f7d6d364703757004349706a2f7e9a80e1b27,Francesco Chicchiriccò,2014-09-15
73dad882dc2a457b3faa7a86f5839904d9aafd43,Francesco Chicchiriccò,2014-09-15
fa18eaa2a43198c832fe665d917009c78a7e5fad,Francesco Chicchiriccò,2014-09-15
3431dfd4053c9456afd1ae1d03582717492dcd6d,Francesco Chicchiriccò,2014-09-15
e0b57ac3f8bb07128d5250ee76ac2ea2d24da08b,Francesco Chicchiriccò,2014-09-15
e1b1b87a1a6e1c47f1411ede0092e99ce7e5638f,Francesco Chicchiriccò,2014-09-15
70376d1aa2937f114d8b406f06639715a0944c08,Francesco Chicchiriccò,2014-09-15
b818af2a107e69f9fb6404a24816b6fb9e6d7b35,Francesco Chicchiriccò,2014-09-15
562c97ddd1d022935ebece7b60b9b77640510b07,Francesco Chicchiriccò,2014-09-15
18b17119cbf8abbf349a9b8012150498d8798e86,Francesco Chicchiriccò,2014-09-15
c5608d23a49dd8c565fca04adc1074c00ece0dfa,Guido Wimmel,2014-09-16
31ec3f3c98464135ea6306ec1a56b809ae902c46,Guido Wimmel,2014-09-16
f3230de3d51b7bde15a74a7f71f7798f602dea03,Guido Wimmel,2014-09-16
5f9f13650187b5e89f2f848f06c6fb4b434d876f,Francesco Chicchiriccò,2014-09-16
0edddeafc46e7e52d85685a2f2486b0d9a95ab1f,Francesco Chicchiriccò,2014-09-16
55a33a6e466d8c64f4ab8192a0cda87f37f5e149,Francesco Chicchiriccò,2014-09-17
a325166d2edc19426b54567c850b9d14b6d3c791,Francesco Chicchiriccò,2014-09-17
7ae1347d246bcb83c7ab7cd08f3adc4706b11bdc,Francesco Chicchiriccò,2014-09-17
e17946e1192b8d09f2aeae6fd60d3496cc12488f,Francesco Chicchiriccò,2014-09-17
6255882e7cd4f601967aecce06e2a73174d68b1b,Andrea Patricelli,2014-09-18
9518a0dce5192ec7b79b1188560de8fbcf587753,Andrea Patricelli,2014-09-18
6eb22f6af5e6bcf457db945c0b0069b19e5b28c4,Andrea Patricelli,2014-09-18
1100aab00bfa55773384adc41b40c526dbf7d184,Andrea Patricelli,2014-09-18
740bf422f107307a6dafbbf40bcb85055358cf8f,Francesco Chicchiriccò,2014-09-19
5a6ec3efe00adad35f611a94f1a8b6d9a25f96c1,Francesco Chicchiriccò,2014-09-19
17b1166786fa15f0ef728f1158b2537e6d9c0ae9,Francesco Chicchiriccò,2014-09-22
b866d944512a25c2bc3833fa2d43d8c417889298,Francesco Chicchiriccò,2014-09-22
33e5cd482f59f40e1226f75e36c0d4cd4ca8585c,Francesco Chicchiriccò,2014-09-22
589da6981ea9a972bf42b1119fc37ef144824c45,Francesco Chicchiriccò,2014-09-22
e18fe26f8830d6c4709671369a2d97213b095690,Francesco Chicchiriccò,2014-09-23
35219f85e88dc597ed1accca9d410c9f8a4de29e,Francesco Chicchiriccò,2014-09-23
2f4c3628f01d8202f2403a4207f490d7bc16c6f9,Francesco Chicchiriccò,2014-09-26
8cbafc7c0aebf5bf89697ab89c0828f589af3d49,Francesco Chicchiriccò,2014-09-26
d731d4b8f5aa7c79aae7921c60c16e42e3d9ed0d,Andrea Patricelli,2014-09-26
2c6f622699a235dcda1f759d172e365fdf80b6b9,Andrea Patricelli,2014-09-26
8c7ccb6dce5d4a1cb7729716b0a44acaae25b013,Marco Di Sabatino Di Diodoro,2014-09-29
ce54c5975d93d896668c45a9315dcd24f22638da,Marco Di Sabatino Di Diodoro,2014-09-29
f1a7b312c30fd8288be6f09d0cb38add1577adba,Guido Wimmel,2014-09-30
2a7877aed97999c27736856fcba1db30333326ec,Guido Wimmel,2014-09-30
c6bb24c865091a5213ca5493932d62b454596b85,Guido Wimmel,2014-09-30
4e444cd4b1238656f75d34bcf7a375a9a0491858,Massimiliano Perrone,2014-09-30
65629c9a0a2436f9911856c9f5e63e025ef7665b,Massimiliano Perrone,2014-09-30
ebcd3034d62fbdb5dc1a8754d9f588b89bef363e,Massimiliano Perrone,2014-10-01
48027e567f983bb3864c3a7284745f9ad3701988,Massimiliano Perrone,2014-10-01
548af9a30e23e9206d8d26d6ae4ed191db346941,Francesco Chicchiriccò,2014-10-02
4353bd397c2f41f7d1302b64e39b0c2a58f92ac8,Marco Di Sabatino Di Diodoro,2014-10-02
67a56d0a76d99301c10180ec4d0e08c263b976b0,Marco Di Sabatino Di Diodoro,2014-10-02
e804790118fc69d878b5e5c6bdf66e649457c896,Francesco Chicchiriccò,2014-10-03
47349b23224a802b926968a7b729ca482d9ce4ea,Francesco Chicchiriccò,2014-10-03
418306c63c7b160dd6cbf05b07c4fbfcc22b3486,Francesco Chicchiriccò,2014-10-03
77b179a7572c7e221b08bdcda399154d3c729a61,Francesco Chicchiriccò,2014-10-03
ab43a97ebced94cb9e67af86b3fa0dd3a94f12de,Francesco Chicchiriccò,2014-10-03
d034c12f855484ff5947cfa6e01750d03027dd3f,Francesco Chicchiriccò,2014-10-03
8ac72fadc5a47246a9f1fc7d231e36d116698b20,Francesco Chicchiriccò,2014-10-03
eed325c361cc928528cc2cdd1099f173bd44e1cd,Francesco Chicchiriccò,2014-10-07
421a4e01a311343dd43ee41d81fdcdf7cdd36104,Francesco Chicchiriccò,2014-10-07
3586f3b3d672739ef20c63d04e0985dad329209a,Francesco Chicchiriccò,2014-10-07
b8715c76ae4c59847a59d52faef9b8c2e3be4a4d,Francesco Chicchiriccò,2014-10-07
36425c3974541f8c4b5a6398e272e55ffc638c3b,Francesco Chicchiriccò,2014-10-07
e078b845e82a0b3b9a4a91748ca3b6bbadc47cc4,Francesco Chicchiriccò,2014-10-07
1f9af45636a7b2b147d82b9acb374340a9f694ec,Francesco Chicchiriccò,2014-10-07
dc3a06675c99975f664efc5f451d9e017a9a1075,Francesco Chicchiriccò,2014-10-07
5562eebd4366466574b6dc077f39fe6e245d3bb5,Francesco Chicchiriccò,2014-10-07
7a332ca47b61545b86815811a752ff6cc726896d,Francesco Chicchiriccò,2014-10-08
2757410b1224bd22770023b21ed71541c04af000,Francesco Chicchiriccò,2014-10-08
34a7b5633babbb1c5cf1ccbb32d6655ae4477a6f,Francesco Chicchiriccò,2014-10-08
80e51e11395fe21c59935e5457d0abcace5a6093,Francesco Chicchiriccò,2014-10-09
110312f6ef6e50f19244a7be67cd7aa8e5b6fad8,Francesco Chicchiriccò,2014-10-09
2d05ff5bacca2c95463ecf5d0752f94665503b5f,Francesco Chicchiriccò,2014-10-09
3400ae9c746b2c6678e9dbfa5bd9ddb509d49dad,Francesco Chicchiriccò,2014-10-09
60ebb879c5934a829c15770599b11104e69f89bd,Francesco Chicchiriccò,2014-10-14
710e31b5075f46fd3b5c88444b60673881e89467,Francesco Chicchiriccò,2014-10-14
e7455f58504dda8050d6e2d6f1fbeb709ddc40ec,Francesco Chicchiriccò,2014-10-14
8d41124a4a4185d2c1b3c77ac1368e78fc760577,Francesco Chicchiriccò,2014-10-14
f7d2058876237027edb5e34b9f2512796448d7cd,Francesco Chicchiriccò,2014-10-14
15099585291d02699926d4ff22bf321dbddffbb1,Francesco Chicchiriccò,2014-10-14
42227e4792347be397ee75142eb077a5e4adecf1,Francesco Chicchiriccò,2014-10-14
4c6b1b17405b32c15bd985804df2a03e0bcdb064,Francesco Chicchiriccò,2014-10-14
14b9753b5853da28d0f74617dc94cc5eec4497cc,Francesco Chicchiriccò,2014-10-16
05eb51deb03130506f9b96358b6ee564e8d93957,Francesco Chicchiriccò,2014-10-16
121a177c03c5f8307ed55461b413552e3af52c67,Francesco Chicchiriccò,2014-10-17
7240e1f2d29321bdc04805f2e322fcf39f2cddb1,Francesco Chicchiriccò,2014-10-17
cc0ac6bcbda7b4abdefaa298da1a3911245b8f9e,Francesco Chicchiriccò,2014-10-17
0a8589358fa3308cb4601b208f48e2a01870acde,Francesco Chicchiriccò,2014-10-17
0b91bf21c1820afa49fbf098ec702fa5305b3d7a,Francesco Chicchiriccò,2014-10-17
3ee04978c47214020603d0cf9266fa01acf5531d,Francesco Chicchiriccò,2014-10-17
abfb80507484e0de6815a04e4a84e9e060888b72,Marco Di Sabatino Di Diodoro,2014-10-17
c005f75269660ed0a97fdeb4c8cb284972dae3be,Marco Di Sabatino Di Diodoro,2014-10-17
6bbfc329759404bb2774280acafe6073d4167ed5,Francesco Chicchiriccò,2014-10-17
9cddacdf1a985806f1ee7cef6b93fa7144b93548,Francesco Chicchiriccò,2014-10-17
a46b22c4adbf637ce63d59beb2b5ca200672a637,Francesco Chicchiriccò,2014-10-17
f99657a2a66abfd68c115d9c1b083dc9b86a3105,Francesco Chicchiriccò,2014-10-17
14b8988ed244985c0a31f80c3686d23890c20023,Francesco Chicchiriccò,2014-10-17
08e7032f35cb041c0eca26524ea7390e551c3f73,Marco Di Sabatino Di Diodoro,2014-10-17
b40948e0cd9fd0b33292a8f318594705facf7192,Marco Di Sabatino Di Diodoro,2014-10-17
fd2922795d39d48e282ec4ff8b8af119f1ffcef8,Francesco Chicchiriccò,2014-10-17
03a59e783b270695162628c08fd5f048f8cc99fe,Francesco Chicchiriccò,2014-10-17
2820eb2544e2bb31bcd623847a2aac746f8dfae6,Francesco Chicchiriccò,2014-10-17
f44e4daeb7305847e7e8ad35b9208c6063f3028d,Francesco Chicchiriccò,2014-10-17
8e224cd9c60edf9593f4ced10a24d8f11b5d8e1c,Francesco Chicchiriccò,2014-10-17
fa76ed4497eb36e6614de8c18d0768fb3ed35fa9,Francesco Chicchiriccò,2014-10-17
27832f741429716d669a9fb3da2ff2c1e441a8cf,Francesco Chicchiriccò,2014-10-17
8088dca109ed409cef9255aff79035c519f21289,Francesco Chicchiriccò,2014-10-17
0690d6fd2db83971eeb92a633a6d48d4484cd156,Francesco Chicchiriccò,2014-10-17
2d7dcfcd055eab42e480ed0503ca8ddebf316c04,Francesco Chicchiriccò,2014-10-17
119edaa92c9f028935b0f786f8f4ede0f5cd5e1a,Francesco Chicchiriccò,2014-10-17
ca84d113e7d5ce41e604bf3de24d20abf3d815e1,Francesco Chicchiriccò,2014-10-17
9124246ffd7f7209d13449ea8e9239312c10fb69,Francesco Chicchiriccò,2014-10-17
14393ecbc4ad0ffd529e296aa2665bc23c7cfb9f,Francesco Chicchiriccò,2014-10-17
2674037d4e28d41612add4307ec43481329560db,Marco Di Sabatino Di Diodoro,2014-10-22
abc3764fdc459a8873a71b2c997ea77db04547dd,Marco Di Sabatino Di Diodoro,2014-10-22
c6adbef3ceef989551beabfff3658d0fea92fba9,Francesco Chicchiriccò,2014-10-22
ef11c189ae570d6b155df28a25610c339202e79b,Francesco Chicchiriccò,2014-10-22
c5439d1f286b31a2b036468342a9e039bbdbcefa,massi,2014-10-22
bb475a48f52d52ce9c247dddec101e2e94fbb6bd,massi,2014-10-22
4dd0870ef04cccd426af3f563845e8a27ee705f6,massi,2014-10-22
ad6f31b29bb59d717262932b4ba0712684bb496a,Francesco Chicchiriccò,2014-10-22
ebd1897c1ee3fce4fa39a128e42942cef4572138,Francesco Chicchiriccò,2014-10-22
4e29d42fd4d0f6b9dbc623527164b0d373216d53,Guido Wimmel,2014-10-22
c118517c98857a99ce2ac968acf2c9bff5158cb0,Guido Wimmel,2014-10-22
7d6cfa7e1e898c52fefc641f9eb06d402857d3bd,Francesco Chicchiriccò,2014-10-23
9af53547d5607f53ab80f9f1dfa3140b9b6ae227,Francesco Chicchiriccò,2014-10-23
54f129513b898df2261f25a5b57e636d0604be90,Francesco Chicchiriccò,2014-10-23
3a18c6b9295252de740083f30d4884710ad4262c,Francesco Chicchiriccò,2014-10-23
8237d1a8658c574cc36bd5e5d8b8cf5d1b36d57d,Francesco Chicchiriccò,2014-10-23
f9bc9b7a0ee471b4533ce2baa33ad6d401e38d4f,Francesco Chicchiriccò,2014-10-23
9455e7f5685cbc15ec9a56daefd9607807aa32f7,Francesco Chicchiriccò,2014-10-23
7c714f31c2367a899454b21b121377da5a5874cb,Francesco Chicchiriccò,2014-10-23
b56646a80b397fa9938564ce8a5fc03222ebf116,Francesco Chicchiriccò,2014-10-23
1551f1704184c6f7d35165f65cc537a8e3dc91c2,Francesco Chicchiriccò,2014-10-24
0a768e4f9f95407e1ae9e370deda6789331f4dcb,Francesco Chicchiriccò,2014-10-24
dbd3a42bf44fce0912d7fba1624dca5ae778ae22,Francesco Chicchiriccò,2014-10-24
424785ac3fbfba48705c8052f04b5e7f0b4cc9e0,Francesco Chicchiriccò,2014-10-24
c0e751f98d89fcdc3e28f61e8c5cb19f1d06a2f2,Francesco Chicchiriccò,2014-10-26
626ff3d98cdb49b43caffa85054d552ec05b46bd,Francesco Chicchiriccò,2014-10-26
1d3c72a3ffa3bfd8b3b3f0b45c9930ddd3c4ebb5,Francesco Chicchiriccò,2014-10-27
79ddbdc3aca57e2b53a75878d8be5943dea00d54,Marco Di Sabatino Di Diodoro,2014-10-27
cac71aef1edeca54a559b535438c52b9efbf437c,Marco Di Sabatino Di Diodoro,2014-10-27
d3a053dcc71049208026ee80028e949efc409b5f,Francesco Chicchiriccò,2014-10-27
e60b65e15e8a60aa576f20f4db8538a5970d0149,Francesco Chicchiriccò,2014-10-27
a23ef02f2c672c009eb664e8fe91f9ae07e82adb,Francesco Chicchiriccò,2014-10-28
638a3a6da1749e00b2d3c546b2ff65717c8da9aa,Francesco Chicchiriccò,2014-10-28
15ac9a5c72788335d4079ea5302fcaf7be8345bf,Marco Di Sabatino Di Diodoro,2014-10-29
5248dc7ffcc63c3e1dd398188dd59a201912c535,Marco Di Sabatino Di Diodoro,2014-10-29
8614d33fd43463a09e9230cad260d536d50babcf,Marco Di Sabatino Di Diodoro,2014-10-29
8fc6e9e542266dbdcf04d8db5bcbbe6ea7d9385e,Francesco Chicchiriccò,2014-10-30
7530ea211bfc12397300ff76e401a755ccd03d6a,Francesco Chicchiriccò,2014-10-30
f44df5bfdf83112b5ecfa033a3710495e03df151,Francesco Chicchiriccò,2014-10-30
366395b124c96fb618864311ce6f455acbf7afbe,Francesco Chicchiriccò,2014-10-30
9329c54fd62180df3727a4f72bbddd41c9fa1b50,Francesco Chicchiriccò,2014-10-31
1073966f4ec0cf30b8e892234baff392e2c2fe68,Francesco Chicchiriccò,2014-10-31
6f309b645f8b7652ce5dc253d02ef405a9853102,Francesco Chicchiriccò,2014-10-31
dca2c53c91aa95442332cd84abb515ff300d78f9,Francesco Chicchiriccò,2014-10-31
5d57fec8785c8a7cad25be64da5249ebbed95f9e,Francesco Chicchiriccò,2014-10-31
6557a95e40337d85456334a4839a4728644476d1,Francesco Chicchiriccò,2014-10-31
61373f7ea3c904921e92522dee882a265729f618,Francesco Chicchiriccò,2014-10-31
0920d65c6d7e2d03bab98ebc5dcbe7a9331f6689,Francesco Chicchiriccò,2014-11-03
98992e141b5a5d974c1f13ddda12d12b9de47d6b,Francesco Chicchiriccò,2014-11-03
e63047fda1b0976a1b7474b0ac95613869daed70,Francesco Chicchiriccò,2014-11-03
c4cac346d85b314279b18a4809231273182a5665,Francesco Chicchiriccò,2014-11-03
5d1560d0819d950bd749ae35b852fe0976c8b89c,Francesco Chicchiriccò,2014-11-03
79ef5134ab33c2b826288a276fae876b89427c2a,Francesco Chicchiriccò,2014-11-03
70b53404ac247b7586da6b7784a9e50c8d621eba,Francesco Chicchiriccò,2014-11-03
ae52953b0598ca573457e6214eb1483882224f42,Francesco Chicchiriccò,2014-11-03
05d2985a47cb2104a6b43d553b4707209c261f94,Francesco Chicchiriccò,2014-11-03
f1607400c4556a0d5581c37ac73a3401c3770311,Francesco Chicchiriccò,2014-11-03
31f82867ad8c771cc6e9ebed242ad5494964eb00,Francesco Chicchiriccò,2014-11-03
3a73f5ab9db36f12db389aaf128d78a87fbd6eda,Francesco Chicchiriccò,2014-11-04
d2c3b3d0740ce7a9b11f3e5772e36fcf5706455f,Francesco Chicchiriccò,2014-11-04
0054d3ca6dccfea90b04a817f2a5a467935d3b0c,Francesco Chicchiriccò,2014-11-04
e04f70abb3946ff174ba21c881f3f3ce2d91c427,Francesco Chicchiriccò,2014-11-04
bcc3e5be56a9f1595e55e6be3af77e39c6d6916f,Francesco Chicchiriccò,2014-11-04
a3ea02de5c4390ae6b6b9942d3c348fb6b5dcdfc,Francesco Chicchiriccò,2014-11-04
296ffa369f50f31ccef85078a60daeb8c16ff912,Francesco Chicchiriccò,2014-11-05
377963e869b67809ec5b22c5cb65a00328a1b281,Francesco Chicchiriccò,2014-11-05
76b35a7870eee368d8b78e71d39bd9ecc2de5934,Francesco Chicchiriccò,2014-11-05
681cf9f5aafae60863c877a13d924ac2412ad8dc,Francesco Chicchiriccò,2014-11-05
84587034cfcab2f8f978ae893de577bb51462dd1,Francesco Chicchiriccò,2014-11-05
2f2b3c6a78352bb56ba880c929a8c95b25990feb,Francesco Chicchiriccò,2014-11-05
4d264368ed1df29e13690e9c6b05b651a366f273,fmartelli,2014-11-06
2f1b262b7ac1a02cf2826a5d16220955c360c815,fmartelli,2014-11-06
7ed8f2b6ce1ae69c6523b46cc3bc665aee4fba2c,Francesco Chicchiriccò,2014-11-06
c68553d6c9ccb269e776945d15293aa3b96c2ecd,Francesco Chicchiriccò,2014-11-06
121df2d40d2f82f40d265e7426c43b307328d3af,Francesco Chicchiriccò,2014-11-06
f33b73dd67e37d8f1055bd4906c7bd0123bb2410,Francesco Chicchiriccò,2014-11-06
24b73cbcb07faaef76e51090eaddfaacf3d56117,Francesco Chicchiriccò,2014-11-06
bdaba40fcf20f3224eb8a42957687dab6aee45a3,Francesco Chicchiriccò,2014-11-06
ebfe1fbd5b421742e7c228d4a0b123716381c82a,Francesco Chicchiriccò,2014-11-06
896607c7a1d5bb76e89668daed6faee28a13fbdc,Francesco Chicchiriccò,2014-11-06
972f5dba12c00012cd1fb23b0f3900c2a742cee5,Francesco Chicchiriccò,2014-11-07
d23a81ccd3b04305b866bf8202e40bbabdd757d2,Francesco Chicchiriccò,2014-11-07
da760280e76f71d415b40df6ce1e73ae4cf5a456,Francesco Chicchiriccò,2014-11-07
0e5254d75c0600b390124f1f872c290aac021a47,Francesco Chicchiriccò,2014-11-07
e0814655093383ed4ea7e2e068e7726732ca9899,Francesco Chicchiriccò,2014-11-08
57b30169e256afcccfbaac76217be44bc7e92881,Francesco Chicchiriccò,2014-11-08
e9f7923c6931318fe4553565ec61910f26bac0c2,Francesco Chicchiriccò,2014-11-08
241f9bbd5b8ce367091fb5f06d27fcb868a86ff9,Francesco Chicchiriccò,2014-11-10
86a871be76e6486d4a33c26d989da94d5183f689,Francesco Chicchiriccò,2014-11-10
13a96634476577b3fb81bbf33d2946b525029497,Guido Wimmel,2014-11-10
46d897f066840573879adcf1b30d611a9eeb0ce2,Guido Wimmel,2014-11-10
c65bc32d86fad29fc6f32308084acf3926b8d691,Guido Wimmel,2014-11-10
c56896bf496e44793ae502986a5ef4c57b2a48db,Francesco Chicchiriccò,2014-11-10
7032f4dfa4aa2132bb909437916ba1b5a687fe41,Francesco Chicchiriccò,2014-11-10
3d5a3706c5c5bfff149d1244a5221a77659dc757,Marco Di Sabatino Di Diodoro,2014-11-10
68991ba9e4d0c15c628c431727fda4ed436de5ce,Marco Di Sabatino Di Diodoro,2014-11-10
550d3fcacd611089f65d4e56942387db9cfc41c2,Marco Di Sabatino Di Diodoro,2014-11-10
986362fc36a6f8c487c83d2c9c5c8ba168958e81,Francesco Chicchiriccò,2014-11-10
4768453ae975f1eb6ce192a4feff065ac8ae4722,Francesco Chicchiriccò,2014-11-10
6d9b2622b2a8e2ce3913310efd48b2a8b786a943,Francesco Chicchiriccò,2014-11-10
5641a5c7df652bb30964b3f5265176a6f2f9a74c,Francesco Chicchiriccò,2014-11-11
b836d8c65a2550a31d4f16c53b37ef194219fe18,Francesco Chicchiriccò,2014-11-11
c444fe31c2d705e05ebfbe5f6b51ec98f722383b,Francesco Chicchiriccò,2014-11-11
0ebf6ca30d6984223825219e309837aeeab0d7ee,Francesco Chicchiriccò,2014-11-12
b3fe89a30bc33dcd7aa393252861774c4132720c,Francesco Chicchiriccò,2014-11-12
49ecca4a8c6248d884a26dbfb83b014f6c53b4d3,Francesco Chicchiriccò,2014-11-12
1a126a0a588cea7b22daf7117f3034d8dc2aec24,Francesco Chicchiriccò,2014-11-12
3fa1fa2b541ea0629fe80cfcd27e4175eee304e6,Francesco Chicchiriccò,2014-11-12
e8d8549d0adc991c79d3a941c104482ed70e5ff8,Francesco Chicchiriccò,2014-11-12
3458c86f3a2609175797e09ddfb3ef7db5777e12,Francesco Chicchiriccò,2014-11-12
3fb39a46b7c33aacb2c42c9b79da07b025a718b9,Marco Di Sabatino Di Diodoro,2014-11-12
1c90cb7df08a110b6db80d2b1d26a50a0df391e2,Marco Di Sabatino Di Diodoro,2014-11-12
d2d3d3dfa77dcf24cf023cf6b78b493701d4f93a,Marco Di Sabatino Di Diodoro,2014-11-12
44bc3e5bcd1abdff7c500ee2c18d4db4a8557a78,Marco Di Sabatino Di Diodoro,2014-11-12
e7e0c66b49772becd02d1d5e2fe0db9fdf450d5a,Francesco Chicchiriccò,2014-11-14
1f12b88ad65f1997004993a23557e72c2676d39f,Francesco Chicchiriccò,2014-11-14
9f489a4e7706bc2b31bc437796b69cdb9eea72e6,Francesco Chicchiriccò,2014-11-14
db95c72e365486e1b6f12a6f95695c8bfb987529,Francesco Chicchiriccò,2014-11-14
cc671323cc1895c1f9cc4e3e8e48acf0639773f3,Francesco Chicchiriccò,2014-11-17
5eeb211f5fefa88df47019762312037eb891ca9c,Francesco Chicchiriccò,2014-11-17
633c3d983f5f7d7aa3d30908c8c7b892edd205d1,Francesco Chicchiriccò,2014-11-17
cd2d63984e6825427730babbee1e6d6b65a3835a,Marco Di Sabatino Di Diodoro,2014-11-19
577f98e498a21fcaa355b65754ce5428d5e3db21,Marco Di Sabatino Di Diodoro,2014-11-19
50b0d2aefe41ef0fc23bf785df00bb7978d4b503,Francesco Chicchiriccò,2014-11-21
b91c8ab12b961635e285e3b04c1ce256357a3995,Francesco Chicchiriccò,2014-11-21
48bdc5947a81df34157f3478b112e305c9c2c951,Francesco Chicchiriccò,2014-11-21
9a86fe0d60c99c9bf5c0e902ac88acf9e538160f,Francesco Chicchiriccò,2014-11-21
f030fb2750ed0374a2720aacd8907f07fc9595c2,Francesco Chicchiriccò,2014-11-21
a0db589e922124c6a5e2916c4e02649a2943eaad,Marco Di Sabatino Di Diodoro,2014-11-21
b3944c6c9f4469ce3041315b02187232955bd142,Marco Di Sabatino Di Diodoro,2014-11-21
ca4752faf66c6db4cbca5c459ca70864ebd1adea,Francesco Chicchiriccò,2014-11-22
5836c0e687efe2168a915aa60460efd871cea170,Francesco Chicchiriccò,2014-11-22
a6eaeae63e864dfd00599e32dbbb9b765ae9b92b,Francesco Chicchiriccò,2014-11-22
56f89fae9a9dd99a57cf9907e5ad916f19ffe410,Francesco Chicchiriccò,2014-11-22
91f7db8af4193641feabf8469e01c04ca2976405,Francesco Chicchiriccò,2014-11-22
c7fb0b8997de71c22bf4e43922b665fad8afcd9e,Francesco Chicchiriccò,2014-11-23
83f126f07c26fe15e033a2a02e9782f28374d518,Francesco Chicchiriccò,2014-11-23
df5d0accad7f5f572f44a87196ef0f550602970d,Guido Wimmel,2014-11-23
e2777be95da09669ff2a8e89c3f20294c5f0fddd,Guido Wimmel,2014-11-23
35d148ce87e12c64c21097799e703ff4614c65ef,Francesco Chicchiriccò,2014-11-27
d8b6f4ba6b2da0f10a331bbcd661784532cee863,Francesco Chicchiriccò,2014-11-27
d5061bc3db33c32d721f97e6914d02344c44475e,Francesco Chicchiriccò,2014-11-28
e414b79bead9bfc4044a8a8dde6a95b1855cf354,Francesco Chicchiriccò,2014-11-28
9ec5364939685af63bc24f881154ed50b9dc3e45,Francesco Chicchiriccò,2014-11-28
f37a1bff945b373b4e7d0846a88073916fb9501a,Guido Wimmel,2014-12-01
ac606b3f0fc6173e91d1418f1d50572625376ecf,Guido Wimmel,2014-12-01
96c857d4ea25bd5818840f4163b392c48c3db4a0,Francesco Chicchiriccò,2014-12-01
2c04c8ee0693b5869286a3e65afefde16488262d,Francesco Chicchiriccò,2014-12-01
3080e978f309884e78bbe3acf388319910deb6fc,Francesco Chicchiriccò,2014-12-01
45f2a7ea2d94b988b9b98a6fc9fbe8dfcd43805c,Francesco Chicchiriccò,2014-12-03
fc9323c7c9a5af50c89e2889a70b6ffd987ff027,Francesco Chicchiriccò,2014-12-03
97c128a0d4441f264f3cf358a98a7cf36d0f2588,Francesco Chicchiriccò,2014-12-03
df972ca88137b8c1a95fd68d0d3936a992c52de7,Francesco Chicchiriccò,2014-12-09
c8921b36d26f6ea536e0c879c3b0d65cbea40fbc,Francesco Chicchiriccò,2014-12-09
14be591b8e2aca9632e0b3d903a37e9fed4f8f32,Francesco Chicchiriccò,2014-12-09
9d1607734850b852ada7a803c3f11a1bbf48273a,Francesco Chicchiriccò,2014-12-10
bac25e1a6254d35fac90e9f9ab90b3a6521d42b7,Francesco Chicchiriccò,2014-12-10
9b429b287604e6bf6763dc6c65a61502ad333116,Marco Di Sabatino Di Diodoro,2014-12-11
ce20834a36fa7f69078573a17819d735921829d5,Marco Di Sabatino Di Diodoro,2014-12-11
20bfa942ab1b07bef4002a160742ee5b47617204,Marco Di Sabatino Di Diodoro,2014-12-12
80193107a2bddad1eb79bd26b40e4b67bf9a1562,Marco Di Sabatino Di Diodoro,2014-12-12
5b3b124a0c4254e39f0caf5b0daabb5b7d571a56,giacomolm,2014-12-15
c0f709a3e95fbc411049145bd385ac97a9e3972b,Francesco Chicchiriccò,2014-12-16
97abe6ec843f445da93e0df377b56767511f7303,Francesco Chicchiriccò,2014-12-16
ab1c771c183d12be2079c691ed2889271bc64e84,Francesco Chicchiriccò,2014-12-18
4de7c707796dba53f3b728474ac22a494dbcb838,Francesco Chicchiriccò,2014-12-18
0da02810041a4bbd5c0892a02924cf726a9e016e,giacomolm,2014-12-18
43c946295c410662a59db3c62890818f60ef92f9,giacomolm,2014-12-18
de130b7fcbcb763d5578dbc4ae2aa9788aa53b1f,Francesco Chicchiriccò,2014-12-18
386b86a79658bdec6fa8479e10a2e01debc60ded,Francesco Chicchiriccò,2014-12-22
9c8f5b9dfa366747d75dacd34c07a7f3ae3860d4,Francesco Chicchiriccò,2014-12-22
3629cc120e5580a8783ce95da6fad2e1fb8c4b33,Marco Di Sabatino Di Diodoro,2014-12-22
96015df1b93cf14384445422baafa63f75806d9c,Francesco Chicchiriccò,2014-12-22
f8e3da0f018083fa49384ac7bf196279713f3cd4,Francesco Chicchiriccò,2014-12-22
e667ead6356fcd9d25aeb76f7ebcc7a0154730df,Francesco Chicchiriccò,2014-12-22
c919c593803f0c2ed5969e02302ef4370cc27120,Francesco Chicchiriccò,2014-12-22
efe6c5ea6ebfe99f46435e13a6799c36557eae65,giacomolm,2014-12-22
7c0a5efc146035b5fb75a653d744b097f4ff3712,Francesco Chicchiriccò,2014-12-22
d8decf57f27b6fdf873f2c61c03e02db3546aec6,Francesco Chicchiriccò,2014-12-22
4a2e843621464d7cce3ccda3cc76eb00b1c4f270,Marco Di Sabatino Di Diodoro,2014-12-22
bd102820710005c18fb742c06490ed0ef695a6b3,Francesco Chicchiriccò,2014-12-22
422922034f54d41818c7a1421993ebe2cd9c3f68,Francesco Chicchiriccò,2014-12-22
86cbfe450de0cf1102918e2971326856f3d99b51,Francesco Chicchiriccò,2014-12-22
91352e515bb71f09cc85560006be0abb3052d78a,Francesco Chicchiriccò,2014-12-22
8b1613934d47bd9db5276d08755f9111fd5a6a6c,giacomolm,2014-12-22
b7d6578e340f08933f572ffe99a83b04419b4a9a,giacomolm,2014-12-22
7aa0db378d8ab7931c78d570c6f5968e2967bc7b,giacomolm,2014-12-22
5e013aa44bec914bb27115105f0585e6437c8316,Marco Di Sabatino Di Diodoro,2014-12-22
51c543da581970052942c506021d3329b3853d30,Marco Di Sabatino Di Diodoro,2014-12-22
fe8eeb247f622b775e2a53472a34b5831b8a2422,Francesco Chicchiriccò,2014-12-23
b2ba422f21b0998731bff084d71f908b0e4dc5f3,giacomolm,2014-12-23
55dfac7706a7a80e62254d749bf0af340b22eaed,giacomolm,2014-12-23
dff89c00424ce9376359d600c50b21fd6bbb3e36,giacomolm,2014-12-23
8fe7f5c4db4e672c93b04a09adb449a5dd914caf,Francesco Chicchiriccò,2014-12-23
c73a73b0977f51033c9690cda570d6f02a047b73,Francesco Chicchiriccò,2014-12-23
62faf634c469ef60a2ba2cc53a52e7b16a2ec462,Francesco Chicchiriccò,2014-12-24
553f10b64eac7a1789d550f522bfe2e638b75d88,Francesco Chicchiriccò,2014-12-26
f3a0871d1461efb1770514963dd6547dcc11b41e,Francesco Chicchiriccò,2014-12-28
08893dc1f4fcdb96742dd3c0892004c829d41843,Francesco Chicchiriccò,2014-12-28
ea0ab200afc86bcd425cb3d3eacfd30c04f7627e,Francesco Chicchiriccò,2014-12-28
d8ec8da83e0f807e89e830540e756470aa231e51,giacomolm,2014-12-30
b19ff8512f082d7d74ff40b0a53f6380d0905771,giacomolm,2014-12-30
ac4d6af48f8c08167db7051d69c011f650b48555,giacomolm,2014-12-30
b1d2ac65be87d8e5e620291207777d4fe614a486,giacomolm,2014-12-31
4b71b2c4480d3ad340a85441a0fc9a233a7f3ab8,Francesco Chicchiriccò,2015-01-01
257be980a6466079640be4a676b66342e3b55373,Francesco Chicchiriccò,2015-01-01
b907a4e0612c2dc914afeea6f22ad4bdbfc55f74,Francesco Chicchiriccò,2015-01-01
20390b01e600d6294308658971e0cf7e11da35c7,Francesco Chicchiriccò,2015-01-01
556d518625f25baee800203e6dd274aeb8e9f91b,Francesco Chicchiriccò,2015-01-01
ab462f08bebe9675f1c19aa4ba3b9565d8af2a71,Francesco Chicchiriccò,2015-01-02
f6938ea98c70983156836589c9dc4e42502fa1d3,Francesco Chicchiriccò,2015-01-02
fde8f4d365f3f3cda5cc9169406ca275793977e2,Marco Di Sabatino Di Diodoro,2015-01-05
2976899a84c5f865ff1e7d94ca4a08175098c1e6,giacomolm,2015-01-05
041f67f87ed411016b051752532b2fd5bc38dd08,Francesco Chicchiriccò,2015-01-05
44b21af61159caf2a4d6c3053c124fd786b76b43,Francesco Chicchiriccò,2015-01-05
a76be555cb0abd37ceef2a2934be0372d87a72f8,Francesco Chicchiriccò,2015-01-05
35966426c1083591d068003e768e4f65dc429fd3,Francesco Chicchiriccò,2015-01-05
069b56f92aee2cfc79c326993ac8bf894bb07b04,Marco Di Sabatino Di Diodoro,2015-01-05
286d5cbbef4ad373461465deac28cd34d0343df9,Marco Di Sabatino Di Diodoro,2015-01-05
1d58c50063c4fe0be08db994815671dcc89ff096,Marco Di Sabatino Di Diodoro,2015-01-05
ed49626ca17747a97f72bfa2130ee1c3eeb60767,Francesco Chicchiriccò,2015-01-05
ec34515da73044960f445aa472306dbf87ca2c8e,giacomolm,2015-01-05
d388f2464d145bd780bb8b2de76b63c52e459c62,giacomolm,2015-01-05
01ac2bd7dd4cb2116b7ee5e6b7502f066527c08b,Francesco Chicchiriccò,2015-01-05
a90a48ad5dc9dd5667713a159e555ba1ac6b8741,Francesco Chicchiriccò,2015-01-05
f6d48fd9ec9704f3ee9e971928da7fcd93e4411d,Francesco Chicchiriccò,2015-01-05
061a601de29266c6439e2fb83902dbffb689df51,giacomolm,2015-01-07
7edb7abf0350860fb35ea4662d87eff3ff566f06,Francesco Chicchiriccò,2015-01-07
7ee30511a821c7cf69b8927403bdaa17c5eb3ef2,Francesco Chicchiriccò,2015-01-07
252eef6df0beb77c32ea832dd1eb412053077624,Francesco Chicchiriccò,2015-01-07
a8f98d25bbe42c14de763703768dd0d8cf4895dd,Francesco Chicchiriccò,2015-01-08
fc8761c33fd8bc9aebd77ff48516b94d981db4f4,Francesco Chicchiriccò,2015-01-08
184b89f8d84095f51b5d48292fbd70350a3a8ec1,giacomolm,2015-01-08
0edb2a245fbd06f06f841e4fc0b0df34d132d892,giacomolm,2015-01-08
99369c3115b9feec77bebff5fbbb2813d72aedf5,Francesco Chicchiriccò,2015-01-08
3838763f6eb2a6464786f6b83044c43260558be6,giacomolm,2015-01-09
25bb5c9d39061de6a8d95a29d9a3761f991abe33,giacomolm,2015-01-09
231f023b2507e96c240f2ffc12936306eb32d23a,Francesco Chicchiriccò,2015-01-12
427d6d85095ad16a98ffa6a49ea8f0ead651243e,Francesco Chicchiriccò,2015-01-12
ab371b96d16a8548fe41e88466311b58a8aa327e,Francesco Chicchiriccò,2015-01-12
6c4b559f3b251d157a23ccb132d61fb0ae66b125,Francesco Chicchiriccò,2015-01-12
2a1912638777f9478d2f2693ff23289e2670063a,Francesco Chicchiriccò,2015-01-12
970c0d0ed8bcb2ca5b6911f1513e5ee3671b2c3e,Francesco Chicchiriccò,2015-01-12
876e97986dfbf3b7958b65744eb181cbbc5b0fc8,Francesco Chicchiriccò,2015-01-12
c3b7c71f577f1dff54aeefe38c5dedfd0bee1a1b,Francesco Chicchiriccò,2015-01-12
f7554cadd5e80c379158aa9a291f2a978267c9ab,giacomolm,2015-01-12
5e1fe61082c668b22deb4ea140f7641d41ebdeaa,giacomolm,2015-01-12
235f60fa6813c3d2abfd56ac601c103aaca918b4,Francesco Chicchiriccò,2015-01-12
7fea5778f4235fe41c8a8f9aa6b790366d26d070,Francesco Chicchiriccò,2015-01-12
65adad7dc8e3e29516da8e596aea1d66039a29a6,Francesco Chicchiriccò,2015-01-12
8b4e52d74596ae729330d8904ae9fddcc190504d,Francesco Chicchiriccò,2015-01-12
06eb20a1b6dac8fd6b9e4d7a827e52b2961c8b41,Francesco Chicchiriccò,2015-01-12
ad98b98cce3a8f06b4134495b6dcf822f7f1e3a0,Francesco Chicchiriccò,2015-01-13
b015c443b57c01349b61bc490594626451e5b364,Francesco Chicchiriccò,2015-01-14
9ceb71a33c0f2a64f5f180ca11a8cfd85fad1383,Francesco Chicchiriccò,2015-01-15
7570a5fc8c41bef10145c660f8b569176ebb3775,Francesco Chicchiriccò,2015-01-15
3dc03b23110dc45746ca5d69c3a63e991eb613f1,Francesco Chicchiriccò,2015-01-15
c5ce8a8e26c3ddc880fea113aaec6437603b6d80,Francesco Chicchiriccò,2015-01-19
675a5cbfc29a88d50e3ea7f0ab6acb649054aa87,Francesco Chicchiriccò,2015-01-19
e1cfba6cd6772d47afdf142dd290c47ca865b29a,Francesco Chicchiriccò,2015-01-19
550b0feffd0b9f28622df73944d61375d999a398,Francesco Chicchiriccò,2015-01-19
f39739cf770ccb4c3f315af64fbaee391cd60c68,Francesco Chicchiriccò,2015-01-20
eca7585b3167afb1e296125e99c7418615ca5e7f,Francesco Chicchiriccò,2015-01-20
49ad3c7fb467172d39730b57efa6aaae87eeb2b8,Francesco Chicchiriccò,2015-01-20
7b1c5ebeb85c2b27aaf1177e931431fa1da68be0,giacomolm,2015-01-20
a1eead02d2caa7ddf2218bc2d7fe8da97c5515e6,giacomolm,2015-01-20
f2d45fdd29e6b938ebb5938f818b612d5e985047,Francesco Chicchiriccò,2015-01-21
8d270a1e1771573e85b7519260f0cc91b1508bb8,Francesco Chicchiriccò,2015-01-21
961dfd372313151ef6a85bb96d2e4dbe01ab9f02,Francesco Chicchiriccò,2015-01-21
4efca7c3ec3973ab4b774a1f43e4403daf3354b7,Francesco Chicchiriccò,2015-01-21
336d8d6f29b96e25ea2994868d945c89c3ac3e91,Francesco Chicchiriccò,2015-01-21
b7d9addc81adab2defe19e4fc4e6189a805aef2e,Francesco Chicchiriccò,2015-01-21
e36a4a2aafafc38d782c404309d1e9dce7b429f8,massi,2015-01-23
3328bb68e396f4a893fd9cae6f76156d28e748fd,Francesco Chicchiriccò,2015-01-23
b2cac7971a5f8d6b0445d557582bd44dcd00544c,Francesco Chicchiriccò,2015-01-23
8e45a8e67311d096496a9949925cabaee0aeebfe,Francesco Chicchiriccò,2015-01-23
c60066731b034948b0ea96fb50458cc90d41c2fd,massi,2015-01-23
172908de1fcd055be242be2f932e080dc5b21b66,massi,2015-01-23
ed3993b6dfb7223c24e79e30898fe4bdd5654d2b,massi,2015-01-23
80589a1b9b384f07670afe4f1581c3ceb2794501,Francesco Chicchiriccò,2015-01-23
4e1ae7ac91428ea1a4837f2f682e23c5c9d42a1c,Francesco Chicchiriccò,2015-01-23
0f9194eb702623b842828ab4ee6c0d569036d8cd,Francesco Chicchiriccò,2015-01-23
4bdf7d781d106177d282254a06affe0916961f38,Francesco Chicchiriccò,2015-01-23
9df1e03de222148e3e2bdc62d8e2870c555293fe,Francesco Chicchiriccò,2015-01-23
702810d8b0f28e57896686670096cb1977106537,Francesco Chicchiriccò,2015-01-24
344a9400853a25fa324d0ca56c835b827952f99b,massi,2015-01-26
f32528c1fb798ec51a6da7a43abaa1f52b1efe28,massi,2015-01-26
1327b2a44abe1cc1cea08540af17749bdbd88d4e,Francesco Chicchiriccò,2015-01-26
59bd58ce662c4550c9723264f1460e90b6b51756,Francesco Chicchiriccò,2015-01-26
87140e648829c76cbb2283da603e766d5fab6960,Francesco Chicchiriccò,2015-01-26
16984bdafb8572f7dd552a50d88e25f82e1f2e99,Francesco Chicchiriccò,2015-01-26
6f24e817019a627a6bfe8c6e36af56f04a237983,Francesco Chicchiriccò,2015-01-26
704682321e39ac000bd918566ad4e5d60517158d,massi,2015-01-26
8b11d0cb70e6f92021af592dc6d347ac8882bfcf,Francesco Chicchiriccò,2015-01-26
60a62434e16a3a811d8f549e2d4351633667e90c,Francesco Chicchiriccò,2015-01-26
920f73adc9627109a467ca3c59642ce7d45ce417,Francesco Chicchiriccò,2015-01-26
556fdb332f7cee0808dbb9ff161446965e65db4c,Francesco Chicchiriccò,2015-01-26
820a9916913e58c33ed1816a5313585b701fef6d,Francesco Chicchiriccò,2015-01-26
3ba2ad6692086c1cbad8a2a9c76a0fe829361fc5,Francesco Chicchiriccò,2015-01-27
3237d26dfcba2b8d00d6b7d71b47853207ed5270,Francesco Chicchiriccò,2015-01-29
849d2f6ff6d25e436ff0efc530792b2d475a2622,Francesco Chicchiriccò,2015-01-29
c42936baaf870e829cd3d91998b8551d4bbd1f76,Francesco Chicchiriccò,2015-01-29
64fa513e11e28f8f24ddacf803e6036edaf78895,Francesco Chicchiriccò,2015-01-29
db4c920256035f49507115b8dc9fb28c54a1b217,Francesco Chicchiriccò,2015-01-30
4f43793915b14b6c8a235cfb37fe924a64e4f76e,Francesco Chicchiriccò,2015-01-30
1df9ef8960dc35e43e23161d82a7364c5b30c2f1,Francesco Chicchiriccò,2015-01-30
bd0d9017b97548e01b755d37200765e69a26f6e2,Francesco Chicchiriccò,2015-01-30
b1511319334aafc68142fa3a014ce9bf74144e48,Francesco Chicchiriccò,2015-01-30
aea63b64d144b9f4d95cf5927ec0b19312085679,Francesco Chicchiriccò,2015-01-30
0430d834cd8a2b848ca160c590bef907d1937810,Francesco Chicchiriccò,2015-01-30
9aa765b2519b4c565c5d2dca21afe8d7093fdf91,Francesco Chicchiriccò,2015-01-30
3967cfad94505961cbd872298de42070caff676f,fmartelli,2015-01-30
bccd3a00d560cededa008993849e78a73d2593e2,fmartelli,2015-01-30
3f4c7583bfa2956fdc546540038e833304f33daa,fmartelli,2015-01-30
cc922e652cfa8b61772459819874c7b0d6fc80b0,Francesco Chicchiriccò,2015-01-31
dae87ef8989ad20818e45a05ff7830d709286da1,Francesco Chicchiriccò,2015-01-31
2b7dd5d2cd587454a98c9639bf412ab6fe5a3deb,Francesco Chicchiriccò,2015-02-01
424148ada65f09b8718af2d923d88a1c8aadb107,Francesco Chicchiriccò,2015-02-02
69754419891a5f36619c9a02bc0133286cab897e,Francesco Chicchiriccò,2015-02-02
c7e819311b287f47ed90852871dce6f01cee57f8,Francesco Chicchiriccò,2015-02-02
42f78fee6e0419fb5be8cd334cee8e076749a12e,Francesco Chicchiriccò,2015-02-03
721f3276e6eb5b54dd6750365c37df83b63da458,Francesco Chicchiriccò,2015-02-03
32707b3b91361b36719a5a1467cf798b3e4b85af,Francesco Chicchiriccò,2015-02-03
2c4b4b8f62f3d4b617440f039c1c67a4c814fda9,Francesco Chicchiriccò,2015-02-04
7942842c6130e798ec39468f4a6a33bc449223e1,Francesco Chicchiriccò,2015-02-04
8b3710066f46bf74ddc3b4143b3d7d4d211441c4,Francesco Chicchiriccò,2015-02-04
4b0028f681761a5320c01d7e0d02b7f24d838aaf,Francesco Chicchiriccò,2015-02-04
8be42f881785a7474fe3d38bdf9c37c668c14998,Francesco Chicchiriccò,2015-02-04
246ff1f175a7e33a05dac5c919f38ca20193b627,Francesco Chicchiriccò,2015-02-04
07aa458582c654e0683091b9da36e54c1ce7a0c4,Francesco Chicchiriccò,2015-02-05
a2cd9e7b134d0769df3da4e6458e2022984e8c0e,Francesco Chicchiriccò,2015-02-05
414e8a54169dd16be319774b0520bd57803ddc49,Francesco Chicchiriccò,2015-02-05
4c2c45cfd89bf4cc09ae0bd155e1b62a3805a766,Francesco Chicchiriccò,2015-02-05
3623524dbd96bda3df8ad4fb3ccd5ea87c7fb356,Francesco Chicchiriccò,2015-02-05
5e7db3e7ee812ac4a6b964915ee1b6cae157f448,Francesco Chicchiriccò,2015-02-06
273ff6f9850f4015c058142564f447bffaebbf74,Francesco Chicchiriccò,2015-02-06
ce91908d82c37649f005e505d9d43d3483761981,Francesco Chicchiriccò,2015-02-06
20d29ba9900f29d1a26a1b1fad703bc32e947198,Francesco Chicchiriccò,2015-02-06
ba18d4055a472a30647a47d65939c30de6d8294e,Francesco Chicchiriccò,2015-02-06
61f6395a6decbdb2ea1b12a3f42324e402e36275,Francesco Chicchiriccò,2015-02-06
498eb7ecd43143100700326bc9af14bea7ff0436,Francesco Chicchiriccò,2015-02-06
40892e192609d22eabd6dfaaf23a6f313d8d572c,Francesco Chicchiriccò,2015-02-09
cc74bb6c445b91a08e47e8c05fe1f1481db32901,Francesco Chicchiriccò,2015-02-09
128e0c5562928b249f59db116c6630a04ba5e88c,Francesco Chicchiriccò,2015-02-09
aba10ec006f440515720f68359becae586c5a244,Francesco Chicchiriccò,2015-02-09
8afe6a312de05ecbf06f88a2d8a270e1aed7d4d5,Francesco Chicchiriccò,2015-02-09
7532362dd1e72ed2643670be5d0beb47fad5498e,Francesco Chicchiriccò,2015-02-10
1ef68962f561a6046e0f3d77e6908ee94cd3b433,Guido Wimmel,2015-02-10
e777d5babde5912dc991cd1888da7636c81a2ad2,Guido Wimmel,2015-02-10
4febe5e438ad359528a3a481dd4aea653cdb1b4d,Francesco Chicchiriccò,2015-02-10
75902df94df9cc6c9f1bb51280b258b69c89bcc1,Francesco Chicchiriccò,2015-02-10
a5b5a174d9ba813c5facb496c6889db2d352c205,Francesco Chicchiriccò,2015-02-10
27aa6ae46b953234dccd1120a78de4b4232566ad,Francesco Chicchiriccò,2015-02-11
d30c852670d81640aee881e49280f97dbba526e8,Francesco Chicchiriccò,2015-02-11
adf61fad52661ec51ac1bf6611bff8f8543a989e,Francesco Chicchiriccò,2015-02-11
6f0fbc17946f82f2bbd8b3665495f56d08e6ce06,fmartelli,2015-02-11
b888946739775224f5e7b91530274a843df035fe,fmartelli,2015-02-11
bc4fe9784d111ed97cec873d8367e35f836476ec,Francesco Chicchiriccò,2015-02-12
0af5aef531a0ca82c3aa1bbe2b0ce56234f9385d,Francesco Chicchiriccò,2015-02-12
cb1db75c1266d35fda9b19292d2b577c5a5d28de,Francesco Chicchiriccò,2015-02-12
1d29b4743251394095f4750a64bc72ff8e55ad8f,Francesco Chicchiriccò,2015-02-12
33f270a66ed2cbcedc44fecedb9705b1c2a365ae,Francesco Chicchiriccò,2015-02-12
9cbd0d0e805d18a95be095d582ead1295ea1c934,Francesco Chicchiriccò,2015-02-12
689e8bbb3803132309411c99bf1d18371623a810,Francesco Chicchiriccò,2015-02-12
dec1a3249591d0c1691c285bf1f1ac684531006f,Francesco Chicchiriccò,2015-02-13
c156b5258c6f22a023463e8a7c4dd58c5ecd122e,Francesco Chicchiriccò,2015-02-13
6907427fbf2cea4072ea46847b5af553e3d32e9b,Francesco Chicchiriccò,2015-02-13
f5017841565bbe3a6594c4f23192f297f6c0e08b,Francesco Chicchiriccò,2015-02-13
50a9236ed4f2c83845610fa65f1766d1c719c39a,Francesco Chicchiriccò,2015-02-13
2d19463622aa937832b5deca845606c75898b9fd,Francesco Chicchiriccò,2015-02-13
197e9391d6a03118d7582ab9454e1b1378a923e8,Francesco Chicchiriccò,2015-02-13
36327a9e571f21e9ef752b09de20797f102f88fc,Francesco Chicchiriccò,2015-02-13
094e68f3744f78142bbfa856deb89e9406000211,Francesco Chicchiriccò,2015-02-13
4e35b35f484b126b55cf1c2a703969d0a6544fbf,Francesco Chicchiriccò,2015-02-13
04b053087cec46ce155c855b1e059f2c93166ae3,Francesco Chicchiriccò,2015-02-13
01785499355f971bced0347c02acce532bcfb7fb,Francesco Chicchiriccò,2015-02-13
ec58954527675f27e204436248e92bb396e3d104,Francesco Chicchiriccò,2015-02-13
838c6a8fa621d2b6d9b65e6847a9de5a176638df,Francesco Chicchiriccò,2015-02-13
5886fdc4585f16496cbccf028c04e08fe997c4ba,Francesco Chicchiriccò,2015-02-13
7321d79015e036b8bb5829eb33ac6a9f5be5c723,Francesco Chicchiriccò,2015-02-13
f0db89229f5fe0165070a09d81c294c33264af9e,Francesco Chicchiriccò,2015-02-13
0a1b3e90e0035baaf1eb37e9ab36d6cf0f548eff,Francesco Chicchiriccò,2015-02-13
a111a9e285afef7acd0fc4a6add34823a358c8d8,Francesco Chicchiriccò,2015-02-13
ce43e69504e23ce9d73f907a9944671d8b5bb6f0,Francesco Chicchiriccò,2015-02-13
223c0cda4ad43581860df1a892de1d2191222856,Francesco Chicchiriccò,2015-02-13
5828c103d6fa77a54a0a5b15bade3fae11b12cd8,Francesco Chicchiriccò,2015-02-13
e7415a5c312f1ab9ed0502d740323daebcedbc7d,Francesco Chicchiriccò,2015-02-13
8671ee51e7ab2abe77208725c8cadca936f3ea18,Francesco Chicchiriccò,2015-02-13
070c0770d814517e1c8ed772d98797b24de3fcd9,Francesco Chicchiriccò,2015-02-13
63f4580d37e2952bd7712b11d913f2249fee5f28,Francesco Chicchiriccò,2015-02-13
21ada50208145c4561978dfdaf82158a6ad2b793,Francesco Chicchiriccò,2015-02-13
3b59f3a1fb13e9f609d83b77bb74a9f700ef5f7d,Francesco Chicchiriccò,2015-02-13
abfd44d9079d2ab7bf6b0825fc2880fb8163d953,Francesco Chicchiriccò,2015-02-16
b0e02f03594050214b01d13ddc0453659fd3d084,Francesco Chicchiriccò,2015-02-16
4dc90d7d06722ad5651293178a0eb8eb613be489,Francesco Chicchiriccò,2015-02-16
64ed630c89e767a62fd348e0e9c21c21db330e91,Francesco Chicchiriccò,2015-02-16
fc0c8a6cab5a8e4efffab79672a1824dc3c183d5,Francesco Chicchiriccò,2015-02-16
3d3d7a13d556febaa696bdc550fe0797aed35a27,Francesco Chicchiriccò,2015-02-16
b88be93e188f9754b44a2126c14bb755df314779,Francesco Chicchiriccò,2015-02-16
95b6ea59d15045e9cec9e91bfdc8d994873b091d,Francesco Chicchiriccò,2015-02-16
21149fdc16838b2a2776c5355b10d43e3b9e2083,Francesco Chicchiriccò,2015-02-16
d01ed120bbf99c92bdbeece7986ccf466785f5de,Francesco Chicchiriccò,2015-02-16
742b4eca76a321b3ee3cde0032b7e501d17be26e,Francesco Chicchiriccò,2015-02-16
c981971c97e06bbdbb83584585650b34eebe5f36,Francesco Chicchiriccò,2015-02-16
2f7fc8993042ee816eb5d24fbb29d7ab7de7091a,Marco Di Sabatino Di Diodoro,2015-02-18
4b8b58b867572dbadf2240e337e62f7a6ce9f554,Marco Di Sabatino Di Diodoro,2015-02-18
8f4ba7fb3da92e0dd2762ab79f6b23c727371317,Francesco Chicchiriccò,2015-02-18
fc06e742d6c0b506e62372f84cd796424674c3bb,Francesco Chicchiriccò,2015-02-18
8c38a41fff9c87f7eb62d43303926094f53909de,Marco Di Sabatino Di Diodoro,2015-02-19
bef822f39134ff2bb388ba6deedf51ca7d1f2257,Marco Di Sabatino Di Diodoro,2015-02-19
583e83905f533293ee621e9fce0d82fecfdb1938,Marco Di Sabatino Di Diodoro,2015-02-19
9cbeffd396b76cdd52768145be1cb9a5460211a8,Marco Di Sabatino Di Diodoro,2015-02-19
1012e616598d3ff8e42460d4a2eb8f0eeca6504e,fmartelli,2015-02-20
fecf301a8a4f4a53913a60a86ac13d92cc195423,fmartelli,2015-02-20
8081553f475ad7256472b249bbb6d4c080ee4617,Francesco Chicchiriccò,2015-02-21
57a3914bdbd3ade042c1067e28d39076f67ca783,Francesco Chicchiriccò,2015-02-21
bd08923ce16c0eae8ebc6293593231fe5a225e19,Francesco Chicchiriccò,2015-02-23
e2b10695304ed254b90a77f664cd747c84b609cf,fmartelli,2015-02-23
6d5713dc85724280d9951f49b044c709c1359433,fmartelli,2015-02-23
c1e6b586445237da5e2e1eb75f2f12c0c591e852,Marco Di Sabatino Di Diodoro,2015-02-24
9f6dc6c28eb79839d62948055074789c925cc03a,Francesco Chicchiriccò,2015-02-24
ad52b4ea393881fc6a24229c84c0d3d08a27bcbb,Francesco Chicchiriccò,2015-02-24
311840cfdaba7addc850d426521f346464bcf0de,Francesco Chicchiriccò,2015-02-24
8193efd567a474ffed2881a4c4bdab12bbff334b,Francesco Chicchiriccò,2015-02-25
232cf8f32c12c48abb79306d2aac1a07c17b4299,Francesco Chicchiriccò,2015-02-25
8cf8551fb0c73086e8d4780b119c48abd53f6944,Francesco Chicchiriccò,2015-02-25
0c12f149fcbe3a3a780cf1a60ec63f5eb030f647,unknown,2015-02-25
0f66ebf396b0033bb65a3e136f170dd80443a84c,Francesco Chicchiriccò,2015-02-25
7da0e9d869a70395957080ddffb8f9a0ae756a31,Francesco Chicchiriccò,2015-02-25
96709674b0dc4e93be6e30e4340c9dc3ef1354be,Francesco Chicchiriccò,2015-02-25
1fabe762e85a63b4e61f05cef0184d2b11b7e526,Francesco Chicchiriccò,2015-02-26
36c91fbe44fdc87aee56cf8289f5b6b79f936fe5,Francesco Chicchiriccò,2015-02-26
f36664a02513375b0cd6bfa88860c16c65adbb1d,Francesco Chicchiriccò,2015-02-27
d544cf6304dac0849d670dc8f96ce7a8ab1d4a79,Francesco Chicchiriccò,2015-02-27
8ce36749e0b5f0f8d607b6b17dd299609270847b,Francesco Chicchiriccò,2015-03-02
e70f5ff6c3382864a97f8baa93cb7cde9a180db4,Francesco Chicchiriccò,2015-03-02
312897e872db790575f140ca5a118ca7806b1859,Francesco Chicchiriccò,2015-03-03
bb468d1331847bc04938577bba57110798cbb056,Francesco Chicchiriccò,2015-03-03
c6640c99c2cc7d242ba5b7f279de2c967c8cce40,Francesco Chicchiriccò,2015-03-04
350b3bd2482decdaf696ee8b1ffdfaf045513bae,Francesco Chicchiriccò,2015-03-04
28783291da64c4d4cfd3fe7760cc3ef2826614bf,Francesco Chicchiriccò,2015-03-06
246457cd59723f769076b213964f77da3e5db232,Francesco Chicchiriccò,2015-03-06
2465f13170adae51b832060522bb19813581f2f4,Francesco Chicchiriccò,2015-03-09
71b65cbe4ce7341b4c9e5fac4aefc3c3fd548911,Francesco Chicchiriccò,2015-03-09
3621adf44e6c76a4faefb9782f77d90a1707ac1e,Guido Wimmel,2015-03-09
7b2bb2df74256fa7a72fa640c27377dd3452d849,Guido Wimmel,2015-03-09
7705b698469901d6bbb78284310bede538eadfa0,Guido Wimmel,2015-03-09
247d883dac7bd38e91205d380163aff76b0c27e9,Francesco Chicchiriccò,2015-03-13
5378fb4e169c32bd48d938012835851910fae3b5,Francesco Chicchiriccò,2015-03-13
b63021933370edd834ba47ff095d7c86cb677404,Francesco Chicchiriccò,2015-03-13
28aef6c78c81304c5c5e64f9ca8210898ec8b653,Francesco Chicchiriccò,2015-03-13
89d5ad43cf26454092dbd04446a0d9a6f5192f4a,Marco Di Sabatino Di Diodoro,2015-03-17
53721b8242f506260d91c70af456491ab85ab53f,Marco Di Sabatino Di Diodoro,2015-03-17
12570a042846044c41fea54c8c6d27daf280de0d,Marco Di Sabatino Di Diodoro,2015-03-18
b606a4b87fa00140d24dfcecac3681734955acfb,Marco Di Sabatino Di Diodoro,2015-03-18
4afcc36275c56781a1a9037a6e1b42575f1ef3f7,Francesco Chicchiriccò,2015-03-18
9d4871ff1dff81baa51b2f05a630870919b36604,Francesco Chicchiriccò,2015-03-18
0a9a607a270cfd5ed426ffde0489ec557f1ee647,Francesco Chicchiriccò,2015-03-18
c815da81620abc1ec4342ba27cf8e4bf4d9fcf80,Marco Di Sabatino Di Diodoro,2015-03-20
0311dc0365ebac2b0aac30e1c86372ff3517c1a9,Marco Di Sabatino Di Diodoro,2015-03-20
e95f726d51c8e90b2de6e04fd664b4c7dd94e9d4,Marco Di Sabatino Di Diodoro,2015-03-20
6b3497a6df29bf36aecf09f25f3a1fbba6dd1ddf,Marco Di Sabatino Di Diodoro,2015-03-20
489b266835b9db4876046b69bf8d5562f2f36610,Francesco Chicchiriccò,2015-03-20
f94de5198cfcb25194d84198d1d0b2821cc13bd3,Francesco Chicchiriccò,2015-03-24
8dc598aaec4802736aeb5ec4450535b2a81a63e8,Marco Di Sabatino Di Diodoro,2015-03-24
098baac011ad171c15d5f38854d94888e466f05f,Francesco Chicchiriccò,2015-03-24
7633adebdf2aeecc601402c21720523f7a3592f9,Francesco Chicchiriccò,2015-03-24
81b7ab4be5ec6e7afbe8b08452f30074869f5be0,Francesco Chicchiriccò,2015-03-26
f489d6e82196a8aedaa17a1dde7a2569b523ea89,Francesco Chicchiriccò,2015-03-26
35b974c77973c525172db37acd06b1c0fb5982d7,Francesco Chicchiriccò,2015-03-27
16de3b8ef59f0e43dcfe5d35de86ca979ed505f6,Francesco Chicchiriccò,2015-03-27
281478cb6a4cb2abbce73c46e9f84c3b05fefa88,Francesco Chicchiriccò,2015-03-27
4da2460538bdd49618c87fdea4eca711661c1f12,Francesco Chicchiriccò,2015-03-27
e74e13a7940be490ba66d8a62461abdfe0c9831e,Francesco Chicchiriccò,2015-03-30
87fe7329eef2fc0215a4d168a0364e112fb83e79,Francesco Chicchiriccò,2015-03-31
aea1c879b78630956d5a54fdb7b0449a2df3fcfc,Francesco Chicchiriccò,2015-04-02
f76826f6e521aa7ca227fdbe135f3a6771161eab,Francesco Chicchiriccò,2015-04-02
4095f1e84bc22e0f0253e1ccf0c4daeddd2c1b35,Francesco Chicchiriccò,2015-04-06
678e968cb9cfb5f11cbfbea0d17ed5d70dbde0b6,Francesco Chicchiriccò,2015-04-06
101b10711c5a37b4cea4fb615dc056cbe0f6d583,Francesco Chicchiriccò,2015-04-07
f99ea4cc9a7b89198a295d09fdc578bbbc60dcf8,Francesco Chicchiriccò,2015-04-07
c5d8c89693aa05dadd775524d763b777a61c58fc,Francesco Chicchiriccò,2015-04-07
091c735fd84516757bac6f47edc98a34102734e1,Francesco Chicchiriccò,2015-04-07
bac03b2569644991e26d2879da2eda47bf9debb9,Francesco Chicchiriccò,2015-04-08
423e4cca089a3ba9f8458428a40f6d4d74a324f9,Francesco Chicchiriccò,2015-04-09
18958ba234672741adba9b9fa42a503166b9692a,Francesco Chicchiriccò,2015-04-10
6896c460fb3f6149221307fa2c27021141b03ad2,Marco Di Sabatino Di Diodoro,2015-04-13
3202846298bfd44060f7a417c9102e05cbe81ecf,Marco Di Sabatino Di Diodoro,2015-04-14
5cb056fe994910f5ced31c57e6e14987dbaac795,Marco Di Sabatino Di Diodoro,2015-04-14
a685073a0bf59efbce27061c31f02807d3597ab0,Francesco Chicchiriccò,2015-04-14
f1179b53082dbd0d030de6955c6e9f6ba115e414,Francesco Chicchiriccò,2015-04-14
c040d9e4e475ed6741aa6575bca0b94acfc5ae88,giacomolm,2015-04-14
d2cc18c3518a534499c0b6737f096df251f976ab,giacomolm,2015-04-14
adc2f7f5229d716e282b71ad3f6d987dc9f32423,giacomolm,2015-04-14
6a343e959303cf9bd1a5121fb7ee85205751309c,giacomolm,2015-04-15
8187e7fbece3e5ecc4e7dbdb6ceace42785c1cbe,giacomolm,2015-04-15
cb0db4a0eae771ec1a3f22800667ae1a0f136663,Francesco Chicchiriccò,2015-04-15
6736d4ed1918b46dee5dcb02f4d5372edc332282,Francesco Chicchiriccò,2015-04-15
cc053d68498bf4b7e5896cae64468e7b90e7c0ee,xldai,2015-04-16
5e31babdafd73b2df8ba0b7ec8b6a750ff058bea,Francesco Chicchiriccò,2015-04-16
5c049cdf4777a1126b657a28fdb8682e42a179a7,Francesco Chicchiriccò,2015-04-16
945158788e094be5a0a6b2a25113465b54940999,Francesco Chicchiriccò,2015-04-16
0b87dbd74f6b44445cd0727eea321056e759431e,Francesco Chicchiriccò,2015-04-16
1ed0e3808c446aacfdc2f1c81138d8b5f60e082e,Francesco Chicchiriccò,2015-04-16
bfa7172ec6ccb4fa8d748c3dd36947675565c938,Francesco Chicchiriccò,2015-04-16
65d652af618a54292bb8dcf5cf93147bb6b83c52,Francesco Chicchiriccò,2015-04-20
4115c57b93135ec0881cd99aa317440d0ae3f5c8,Francesco Chicchiriccò,2015-04-21
eb9ea2a279000f8c52780404e410efc888078dee,Francesco Chicchiriccò,2015-04-21
8f1a9f5e5f5491f4b2f90a24b52dc5a052a6e9ea,Francesco Chicchiriccò,2015-04-21
ff60decbb27c658aae583670bbae9cebe096d97e,Francesco Chicchiriccò,2015-04-22
0474098365c88ecd085b813bf3c2c29a1705dfff,Francesco Chicchiriccò,2015-04-22
39f8a0696c465a5d170c4f37a36ea093743a60d1,Francesco Chicchiriccò,2015-04-22
bc2afa9a4cc2b9d0935c39d894f791f71bb1ec31,Francesco Chicchiriccò,2015-04-23
c0c4e011b9f27d9c0ee57bcfbb6d5f07a8a69a51,Francesco Chicchiriccò,2015-04-23
1ac18d4ea4b415f35ce22c06e862efd8091c1ecd,Francesco Chicchiriccò,2015-04-23
904e6380be80c88a8e7bb855cf82e94c38fc64f7,Francesco Chicchiriccò,2015-04-24
84c79db8fccab35c05fabb1c665fef93d421d85b,Francesco Chicchiriccò,2015-04-24
a43b36d4ba3955048232fd6c06a9448de009624d,Francesco Chicchiriccò,2015-04-24
65b4b985dd55138b2e977db45df7ea20263fc8bf,Francesco Chicchiriccò,2015-04-24
072abae40552fc84be9079dd9a4a7ec2bda8e298,Francesco Chicchiriccò,2015-04-24
6d658572c0724df3db62197c1d1858a20e028669,Francesco Chicchiriccò,2015-04-27
4f20b415c0e7bd9cf338b26c46975f3a349e7b9f,Francesco Chicchiriccò,2015-04-27
6cdae68327a00e8cbc435aeef77a71f7da023756,Francesco Chicchiriccò,2015-04-27
5da79f72756dd6ab23e05243263d98986929d965,Francesco Chicchiriccò,2015-04-28
5f61d8482322105301ed5561fe64a855602fc214,Francesco Chicchiriccò,2015-04-28
a59bc424dabedca236238178a475064dd0db03c6,Francesco Chicchiriccò,2015-04-28
fa3223faf3038f5346377025b125728ca11f0d3f,Francesco Chicchiriccò,2015-04-28
d289e6397faa9b7d5c2ee54ef40248f81454cb67,Francesco Chicchiriccò,2015-04-28
857f02a0cbc0d6662ac98bcf3e7934557a761212,Francesco Chicchiriccò,2015-04-30
1a133b77e359e71561901a713e7b6b4dc4d39bf7,Francesco Chicchiriccò,2015-04-30
28275f869aa78104cadc4813bac0fdb8f701ecc4,Francesco Chicchiriccò,2015-04-30
ace188b402ac8f16ca2830b09e7d4f46e32be57e,Francesco Chicchiriccò,2015-04-30
d5f34103ab9f2f68b9a08d71b28077d12a539f8c,fmartelli,2015-04-30
65fbb52aa6dac0c181f6defdfab9612765646cac,fmartelli,2015-04-30
dda37dcbeb7524a8dc2b5fc9e9f0fbb711f11116,Marco Di Sabatino Di Diodoro,2015-04-30
5d45494f09042eab9097fd45b3ceea5a4fcaeb07,Marco Di Sabatino Di Diodoro,2015-04-30
b97eb56e4dff32c077b1bfe2181b93dff5fa5d3f,Marco Di Sabatino Di Diodoro,2015-04-30
04415543cc7728e7cd915638ed8f4f98b0e8822d,Francesco Chicchiriccò,2015-04-30
c53e17c5465684df26f721f223eb54ea499e701b,Francesco Chicchiriccò,2015-05-04
c910a7a66370164e86524b3e470626865ad4ee68,Francesco Chicchiriccò,2015-05-04
b81cea711945ea7e5133371d9f06c42c398650b2,Francesco Chicchiriccò,2015-05-04
496a02a51547f2ba4a48d54bee7a8a4de48df076,Francesco Chicchiriccò,2015-05-04
6abbacd0432e08dabcc2ee1fec62f6892ebae85d,fmartelli,2015-05-05
ed0e176b7c7a84447bda9f7fc4443eea452844c5,fmartelli,2015-05-05
6eb2f91ef5ba7c0bf5237f7287f199edae67906c,fmartelli,2015-05-05
cc52c3f4e8aca661c96b0f1a26e1ae7754be38ce,fmartelli,2015-05-05
76af41f44e43354223ca6ed3309f6ff1553532a4,fmartelli,2015-05-05
66a119333ebbc3f3f35267377f05504efa5c17dd,Francesco Chicchiriccò,2015-05-05
3fc2f962b2ef8c511dc4defa585e3614730ad69c,Francesco Chicchiriccò,2015-05-05
62193429f899535bbd55490f1d38a41e4ffbb7ac,Francesco Chicchiriccò,2015-05-06
e080c73064c69c3e04240f2eed3efdde5ac17ecd,Francesco Chicchiriccò,2015-05-06
2f2e67fdcc5bfe3bc3fd43200eb151788ee19095,Francesco Chicchiriccò,2015-05-08
bc3cc30153c94f1b209dba54acea87932f977475,Francesco Chicchiriccò,2015-05-08
84028f11520152cbb2da560c9c241d95d6391019,Francesco Chicchiriccò,2015-05-08
22839bf376aa74544b5a18fee227d26f3e3a4f67,Francesco Chicchiriccò,2015-05-08
2c63146a46035748fd40196fccf260d867d516b4,Francesco Chicchiriccò,2015-05-12
7f2c8a48796238b8a2c16a522d4b18212daf6e4e,Francesco Chicchiriccò,2015-05-12
36bec3875cbeefbe63654baca858b164e02135d9,Guido Wimmel,2015-05-12
4759d035f7ff8cb176493d292031429a9ef2afad,fmartelli,2015-05-12
0e1864724baf07f1d21eeb0addef1365cf3adb43,Francesco Chicchiriccò,2015-05-13
a407911f5f622cf55c9314e505221a8bc4dc01d8,Guido Wimmel,2015-05-13
5495e809dd130ca9f69afe78758a61ee5a9e751e,Francesco Chicchiriccò,2015-05-13
52dfedcdccdf1dee848bb906fa32e2bac47e07df,Francesco Chicchiriccò,2015-05-14
4f65a9202a8b11350f64bfa57164b556b9021fea,Francesco Chicchiriccò,2015-05-15
7c6b20129c694c0c8d9247dccc61eaa031bbd137,Francesco Chicchiriccò,2015-05-15
ac920f0b199b9903579786c7a53359839bad5eb9,Colm O hEigeartaigh,2015-05-15
dce78dbd08cd5d29334485337c5282b1e8f0e6d1,Colm O hEigeartaigh,2015-05-15
795f0268dab2ae357802c471ae0682871fece38f,Francesco Chicchiriccò,2015-05-18
4f7746a3165ba2130a05c8102d6ba61ecbb1737b,Francesco Chicchiriccò,2015-05-18
665aaf39d5a8e2fd8664d33c6b5d1aa599023c32,Francesco Chicchiriccò,2015-05-18
1d6451b5c4178e7d5a368d10af6df82055d95386,giacomolm,2015-05-20
eb99e243bb4d574fb562920f75665c6c4578b800,giacomolm,2015-05-20
e3e57dfb95462da33bc07f6a5549f58157c86461,fmartelli,2015-05-21
358aef72dca5672361cf1a9a3ac2b8c0c57517a3,giacomolm,2015-05-21
b68778e3482ac4cfae11112d897d8c56333ef4fe,Marco Di Sabatino Di Diodoro,2015-05-21
d19133ef55221978395a1a933c03a8ba91018f12,Marco Di Sabatino Di Diodoro,2015-05-21
b43c9c86d2004aecdba594c594a7eeee92c866a1,giacomolm,2015-05-21
d489e8c59a93bf137d75af4222b5b87f4c7ad925,giacomolm,2015-05-22
15cca152d4abdfa42fe31a5f00f9c848cf31548b,Francesco Chicchiriccò,2015-05-22
22a9e12e5e001de4926deb9052ba28bd98a85d62,Francesco Chicchiriccò,2015-05-22
4c90ea872d43831e4ee593cb7b39306232b477cf,Francesco Chicchiriccò,2015-05-24
4cd6f5dc673497b83c56873f007f61e405f40f2a,Francesco Chicchiriccò,2015-05-24
84c2d7bc836c0f3419ce204169e9dfc98ca8407f,fmartelli,2015-05-25
081d9a04ae66b9200ab9538ad64c927e8f121e1a,Francesco Chicchiriccò,2015-05-25
13abc83310e7d204ccc47d39d5d7513392648006,Marco Di Sabatino Di Diodoro,2015-05-25
55d846eee3ded55ac9bcda2aec21b3bb4ce53fcd,Marco Di Sabatino Di Diodoro,2015-05-25
a5408c5e12ed77f0545fa33ac957d04bdb8d96e3,Francesco Chicchiriccò,2015-05-26
a78a6f1f7624bb834ada494cff969ed36ca4a85b,Francesco Chicchiriccò,2015-05-26
419fccfeba9ebd63112e98e00350e5be90706ce8,Francesco Chicchiriccò,2015-05-26
63108c8f89ba92c5517133545df2350971c703b5,Francesco Chicchiriccò,2015-05-27
c74d198098eecc3c21e50749de6ec505dc0898a1,Francesco Chicchiriccò,2015-05-27
f672ce4925667fd80582878bdd55b9b0d644af0d,Francesco Chicchiriccò,2015-05-27
8ea1e6acc0972628aaf7a011e04370fc1cbd87df,Francesco Chicchiriccò,2015-05-27
c608b58540b1f6089e466096522042fd244b5368,Francesco Chicchiriccò,2015-05-27
705bfb86c37a06a538e8973cee8c4948d160bac4,Francesco Chicchiriccò,2015-05-27
79b1e80aa1f3b72fabb7427eecb1e9e967739b44,Francesco Chicchiriccò,2015-05-27
7610c62da3df9863a33c7c047537fd26d95c5577,fmartelli,2015-05-28
790704c08790f8a2536af84ed46290f1596851f0,giacomolm,2015-05-29
34a0422aec960f6e9bb459e69e8453bd8bf21b6f,giacomolm,2015-05-29
582eeb4521e1961491cdc86c6e1aaabd4123e672,giacomolm,2015-05-29
8106e2460b55fb3a0dfcea90540f45a1cf3a5fb7,giacomolm,2015-06-01
4ded5ba28b77069b95d61619b6f2a97eb784a4c5,giacomolm,2015-06-01
6edda65a62ab61e637847cb60ad034cd0b09a7ce,fmartelli,2015-06-03
5dbe698d9c7ec764836b7bc15476355256fc3d66,Francesco Chicchiriccò,2015-06-03
8cc3ffc1feba36af7414c380b6ac833662b58f73,Francesco Chicchiriccò,2015-06-03
18394d3c5027ae9e4442414a7f886e422904d77f,giacomolm,2015-06-05
2f028924d52d5cb48595aa7e5056c20aeadb4945,giacomolm,2015-06-05
7aca6b2130047e8d58a2539f36da9dd906b379d1,giacomolm,2015-06-05
63095476598571425fdf8aa941aaa04ab7ed45a4,Francesco Chicchiriccò,2015-06-05
c03b1cfa315c01058875023ec5eaf1f2dc1a47c4,Francesco Chicchiriccò,2015-06-05
1fdefebc5c08a104a5b78d350eece73ebafbb317,giacomolm,2015-06-05
632acda501c989d2f5620968412500923f0ee88c,Francesco Chicchiriccò,2015-06-05
6d120f753360546ada38d6e4efff507840c45403,Francesco Chicchiriccò,2015-06-05
d8c9479dd1f14d8af8f2d5bd6ded992c40e2cfe6,Francesco Chicchiriccò,2015-06-05
dd88efbd0ec6fabb98728a84a6fe103f285433d7,Francesco Chicchiriccò,2015-06-05
37a4bcc38788e307a3633d0107e13e9057b30414,Francesco Chicchiriccò,2015-06-05
8f25b25be77c60863e8fe20087b3a955e6df1250,Francesco Chicchiriccò,2015-06-05
1da1ea4b532d2201f165cb91414de11c35cdab27,Francesco Chicchiriccò,2015-06-05
a64ef15f1dd69b09226c4dac27551cfd3988c7e9,Francesco Chicchiriccò,2015-06-05
54de3984790735467e69b46feb934d17f2fd2b42,Francesco Chicchiriccò,2015-06-08
64d475e528edf8c9cbd2d9959a07a9124c23431a,Francesco Chicchiriccò,2015-06-08
fbfe9447f3396aefd28b1c36397dd121724d3d09,Francesco Chicchiriccò,2015-06-08
bcf3b4335a06967abcc2cc8db63d787decb66fad,Francesco Chicchiriccò,2015-06-08
a6bcbd4650b66a160d6150df36c7d3df39d59165,Francesco Chicchiriccò,2015-06-08
a8a40639d59ca79fccc321f514aaab5a8ec9973b,Francesco Chicchiriccò,2015-06-08
eb5915fac91b9b448dc3bfff47f52af9b43e5c56,fmartelli,2015-06-08
34ec6712df74f0e7267363f0ea044295af35b5aa,fmartelli,2015-06-08
46aaa9e89fa2da3ecc4208f17a4d7d443100d830,Francesco Chicchiriccò,2015-06-09
a45a46bba7186ef43b4877482d636901bc40cbc5,Francesco Chicchiriccò,2015-06-10
2e5fc7ecc8a81d7b663b24b57c01fc2e35d3e956,Francesco Chicchiriccò,2015-06-10
6239afa23516938740b5be9ef791bb724ffd1252,Francesco Chicchiriccò,2015-06-10
df60b3b4166cfb924dac08c6f81a7f49bd2a5f8c,Francesco Chicchiriccò,2015-06-10
d8927ef4c3943a5a1dec1c17985a32fc9bfbae50,Francesco Chicchiriccò,2015-06-11
fe05db2fadb1e8ff2bc7057d1b9cac0611bd3e72,Francesco Chicchiriccò,2015-06-15
33fd037328119ce9a3c824b41c8a15414b7942bf,Francesco Chicchiriccò,2015-06-16
dad9e942ce594cd00fbef2cef06cffb3a2f71650,Francesco Chicchiriccò,2015-06-16
67c79ab6da9877f6014727e8ef73f1196ba5318b,Francesco Chicchiriccò,2015-06-18
8d141aa2789e11a8622094313d39168fc5ab88ba,Francesco Chicchiriccò,2015-06-18
b33f9ef16357091ee7ffb5083d44a4a950c50523,Francesco Chicchiriccò,2015-06-18
a20510123b4300150d43ff334335e218a3572c33,fmartelli,2015-06-18
63b9416bca6f4190f2b87791bb488ebc5c2dd4cd,fmartelli,2015-06-18
016b441a19e2a7bc4bd393198b166cc91d12df6d,fmartelli,2015-06-18
69c0950ac4f7b5b97596920311e9d0d247f95df6,giacomolm,2015-06-22
0e908289a61dc61387f4d4cd5ba0dd0a76f33b10,giacomolm,2015-06-22
fed10a7a779b22cbb58ed824f4b386c2ec19f667,giacomolm,2015-06-22
0ae4ac8e9875f881cf8ac5cde299273b09af1fa8,giacomolm,2015-06-22
bdb3257c8f227716fe52d950aa6626e9bab84478,giacomolm,2015-06-22
b13e9fe4dd226d7ef48b249447289e3a4451c84b,giacomolm,2015-06-22
e1c2587634375dba6d58133a75aa0e61a2171263,Francesco Chicchiriccò,2015-07-05
89f5ead3859fa29f75adbbea0901c0321107db09,Francesco Chicchiriccò,2015-07-05
b96bb5a6172c52e46edb391236ae17eef95411c6,Francesco Chicchiriccò,2015-07-05
3eb0bfb6cc6b09a9d09247d8810b83ac6c1e18c5,Francesco Chicchiriccò,2015-07-05
2612337228f1fbd3818f61c4dd3371b7bf1d37fb,Francesco Chicchiriccò,2015-07-06
97607b16e4ed807ff055b3ae55f0c722717c6472,Francesco Chicchiriccò,2015-07-07
33d8fabfb8b453bd2fcded15945ffb56a490feb7,Francesco Chicchiriccò,2015-07-07
ac19688470abc92e833aa1560858156dbec29c24,Francesco Chicchiriccò,2015-07-07
a298dadddbf854f943a98a92d3ddd814206cd652,Francesco Chicchiriccò,2015-07-08
003909d254f8ed5dd62185c89f2a22576ee2f799,Francesco Chicchiriccò,2015-07-08
22c91a79422831acd8007a2a17c85f7d27c9445c,Francesco Chicchiriccò,2015-07-08
6ad26949a45a8da66f5fe02693d607f5d6d8e792,Francesco Chicchiriccò,2015-07-08
aac331491a4d4ec95563437e48d3ce53c001a224,Francesco Chicchiriccò,2015-07-08
73d0975b015308a673767cb5aa890782a75afde5,Francesco Chicchiriccò,2015-07-13
f45f2d9bf1ff5d7e2eb177fc07660916fbfe4ca6,Francesco Chicchiriccò,2015-07-13
f5df7f5cb3f5dfde39c90cbb85fe0971345a8728,Francesco Chicchiriccò,2015-07-13
81a66445f1e7db024a602146e9eb51f44752ea64,Francesco Chicchiriccò,2015-07-13
4bd99d3b5eb62e0cb7b4a546b18ea12297444f82,Francesco Chicchiriccò,2015-07-13
869ec86e1b4bc15c677c07121fa7bbd49a47fc82,Francesco Chicchiriccò,2015-07-13
4e77922c2495ea835b3d80982fe659cb681bdd66,Francesco Chicchiriccò,2015-07-15
e3360b6c547e411e0d216c919560a9b231e3475c,Francesco Chicchiriccò,2015-07-15
5d2817ad6f76e22ce82934c5238d5732fa39180a,Francesco Chicchiriccò,2015-07-16
e7c6d81cde28413a1f89cdc6cb807842c434c6e5,Francesco Chicchiriccò,2015-07-16
c32826656762164a7e42e2d9c8c3482fa7fb8ed3,Francesco Chicchiriccò,2015-07-21
660b0ce88b22152e816b7c7812eb6e1bdfdc496b,Francesco Chicchiriccò,2015-07-23
fe7fa1324dd1ae2815c0161a0c39cfc4e9c8ba97,Francesco Chicchiriccò,2015-07-23
ce8d4edec7c2fbd26f14c083fd9f859c6e4f36f1,Francesco Chicchiriccò,2015-07-23
7fba1ed4b819b89a6ce4434352f0be872746509b,Francesco Chicchiriccò,2015-07-23
e7d3544831ed33158e63e401aad1ef7c2dab8dda,Francesco Chicchiriccò,2015-07-23
5bc9f71447655f5a0a4a4f676b39467955099a5b,Francesco Chicchiriccò,2015-07-24
1e1278d807e76652139a15fcfa720a6cd78d0af6,Francesco Chicchiriccò,2015-07-24
a4b67bc7bbabb256e43bb13980382f1d5467093a,Francesco Chicchiriccò,2015-07-27
7eca0abb8ae8ef21a7a3be4bb8c54b98140b7fed,Francesco Chicchiriccò,2015-07-27
18d86ae5a6c914007e8898b77567c0901807c6dd,Marco Di Sabatino Di Diodoro,2015-07-28
32f2cd95eb32b20a4dcf6cf28313c61c17109409,Marco Di Sabatino Di Diodoro,2015-07-28
c151c6354672c6da11de04cac1898294158feed8,Marco Di Sabatino Di Diodoro,2015-07-28
45ece28d91f589277b4270d2d7592c24b2adf15e,Marco Di Sabatino Di Diodoro,2015-07-28
51baeb6e183e5bbe813030348dfc722d7088cde0,Marco Di Sabatino Di Diodoro,2015-07-28
518f7bef2c019191b8a20a0ace8862f7b4573d48,giacomolm,2015-07-30
61a371f14dda0978dc062a1e65c0f29eb8ae4217,Francesco Chicchiriccò,2015-08-07
91644a80aa8c88846e14571fbce5f8d3998cfa43,Francesco Chicchiriccò,2015-08-07
3a40096b25983c8e21daec70657967e3687c5b82,Francesco Chicchiriccò,2015-08-10
910d37b98f4fb6052587c27ad26966e4b8225d61,Francesco Chicchiriccò,2015-08-10
6ad532ae682d355b5574f8325375ebf3fe939689,Francesco Chicchiriccò,2015-08-10
4e1dbd37f05f1e8d24ceb211d29c5479a6379da1,Francesco Chicchiriccò,2015-08-10
ba7f1a5ce9f852e9783853b7397a64a66ac4826c,fmartelli,2015-08-12
474b92560a5d7449be1b7a9a3d36efb94e4f5504,Marco Di Sabatino Di Diodoro,2015-08-12
2e6b4fdbd454c0202c2f39ac1d96607462055aac,Marco Di Sabatino Di Diodoro,2015-08-13
62f5e4ed644e03cd6a830c0c48ab1282d0dad769,Marco Di Sabatino Di Diodoro,2015-08-13
b2e84011274c072130fae8c8f082f7394c27c1e1,Francesco Chicchiriccò,2015-08-13
0d6187d1ff992e563bda761a91e69649f4e950f7,Francesco Chicchiriccò,2015-08-13
252b1510dcced12abca84c14c77288cf48d9d32e,Francesco Chicchiriccò,2015-08-13
e199fbaeca4e30bd9b288b6c54b0a466c486eb47,Francesco Chicchiriccò,2015-08-13
554b7259f23b1172453f3a78278109b15bc3d992,Francesco Chicchiriccò,2015-08-13
74aed4af3b0ad072c7cab7e5b5eb196c050e7471,Francesco Chicchiriccò,2015-08-13
feba6991edfa551d02bec421b2ec576e083755ec,Francesco Chicchiriccò,2015-08-13
bcb9a0d7b0a792eba87046853510376cf4e58131,Francesco Chicchiriccò,2015-08-13
5cf6aae8274d8e10b884ec9faeca54f623234836,Francesco Chicchiriccò,2015-08-13
6dfedd8f334c8d9b50aca076b0c53eab004081e7,Francesco Chicchiriccò,2015-08-13
dff48fd30cbcf14f5404d1c9812d6095b5f4e82e,Francesco Chicchiriccò,2015-08-13
ce015d1306d944b5b75797f1e7563884bf814100,Francesco Chicchiriccò,2015-08-13
4b2dc4d896b894bcd5728740a52601e40e8f17b3,Francesco Chicchiriccò,2015-08-14
d0116264b576e125d1e70e4f7adbaf6de4be0e29,Marco Di Sabatino Di Diodoro,2015-08-14
f0883ca5f10e5b282f91da98916b9b3486c15a27,Marco Di Sabatino Di Diodoro,2015-08-14
88061761ea78bfe822f653c899a4ad9c4f4e3493,Francesco Chicchiriccò,2015-08-17
e41e5018b25a44c3e1794c665355af813f1df8c4,Francesco Chicchiriccò,2015-08-17
dbeb620824677b8eb4cab59d811630a0992a3f42,Francesco Chicchiriccò,2015-08-17
8fe3c7c20105df6112a1ee7b0206cb00e9c1a054,Francesco Chicchiriccò,2015-08-17
fc91e516ed0ba34f8252830f69830460d58eae6b,Francesco Chicchiriccò,2015-08-17
2cf761973049f874380d5ac054b4daf95360fc57,Francesco Chicchiriccò,2015-08-17
a4400ffee35418df3d87603c73fda28474f1ad12,Francesco Chicchiriccò,2015-08-18
56568a43c8cd56393bd3a1d58d3e307595c80de4,Francesco Chicchiriccò,2015-08-18
5336431db1bfdcd1f51847f2ee65a536f9e21275,Marco Di Sabatino Di Diodoro,2015-08-18
310b34afef103156a49e7a94b862f9f780522f08,fmartelli,2015-08-18
9abd35a29dc8616e6268e6c525e421f02d026f66,fmartelli,2015-08-18
850269800611173a97c178bf90657312580a45e7,Francesco Chicchiriccò,2015-08-19
a95b955d82132ad8e1f6b5f88b38b23d45f00b9d,Marco Di Sabatino Di Diodoro,2015-08-19
e0d493db3b78371efb417d31a3b2b8d7079f1857,fmartelli,2015-08-19
0e5694a3a46617603c30e5479571e3def5afa798,fmartelli,2015-08-19
bbb94a99fbc19e219dda417097e940950706c204,Marco Di Sabatino Di Diodoro,2015-08-19
8e219725d643ac5475257b85fc821de9521c64f0,Francesco Chicchiriccò,2015-08-19
bc41d9bc36075e5f7e3c80d9be0cdfbd782b0b05,Francesco Chicchiriccò,2015-08-20
4ae3e2cb40980702268041d4d9c961a41797a6cd,Francesco Chicchiriccò,2015-08-20
4cdb34b3c9719541dc6b19d12d7a7d8015c7d96e,Francesco Chicchiriccò,2015-08-20
77f697b2dbb05c81818288f74f3f7b7656db8b7f,Francesco Chicchiriccò,2015-08-20
b8cadde8ec53da6834792b356cfe40a454193644,Francesco Chicchiriccò,2015-08-20
69d8b7b21760e6129cdbafadcb4b628be03379b4,Francesco Chicchiriccò,2015-08-20
213fbc6077b69d13965963b19c941af0a4878856,Francesco Chicchiriccò,2015-08-21
ec6bcf2f8979b76c7708f9590c786422bad56255,Francesco Chicchiriccò,2015-08-21
56fe1eeca69eb222544da59ee07fafdb15a2016b,Francesco Chicchiriccò,2015-08-21
966484b4c07d19c1bce3ddf6b2103639969306f5,Francesco Chicchiriccò,2015-08-24
5da611de22243abc94021f4560667ad1d80a6991,Francesco Chicchiriccò,2015-08-24
3559e694b91667da1ca474cecd207740a05bb127,Francesco Chicchiriccò,2015-08-26
a1737d35ad33c426e89a48259f0655ba3736ac6c,Francesco Chicchiriccò,2015-08-26
054ea9ca212911475b6d8b0bd16011c9f831c980,Francesco Chicchiriccò,2015-08-26
4412ac7b858793145c640e1e3a723128f3171f04,Francesco Chicchiriccò,2015-08-26
39eb5756b0da87327109322b6404cb0b14d1d995,Francesco Chicchiriccò,2015-08-26
e54592850c95cde8d26f2182f41fe5ce21398512,Francesco Chicchiriccò,2015-08-26
64c5fbd70e7b8b335358d2ae67f8f3397dfef008,Francesco Chicchiriccò,2015-08-27
d9437d37a38d0f185289b1c61d2d79c5ce8edaaa,Marco Di Sabatino Di Diodoro,2015-08-27
926e8fd90201be8fa31f8c518c73423ae06669e2,Francesco Chicchiriccò,2015-08-27
aa2286b2c02554452dccfb3b0712cb6398d52fa6,Francesco Chicchiriccò,2015-08-27
0272b1ed49a1a902e242b65b3b7ed51e74d674dd,Francesco Chicchiriccò,2015-08-27
02d4888011b26dfb470136ad621dcfc4bb406e33,Francesco Chicchiriccò,2015-08-27
8338f8fa4586f9f87368772ab060c39cd18352df,Francesco Chicchiriccò,2015-08-28
716e2ed6a0614cf4b9e1882a80b7bb2496b83343,Francesco Chicchiriccò,2015-08-28
9658f8c384543889779cd2c398c8fcc115b43778,Francesco Chicchiriccò,2015-08-28
55b1f415b894a58dd60842e54642d6a30ef535a1,Francesco Chicchiriccò,2015-08-28
1630efc09e7371a384edbdbb7d83b49407ad5a2f,Francesco Chicchiriccò,2015-08-28
3b0d2ea5e276086e31a286c499d75662f277a3a2,Francesco Chicchiriccò,2015-08-28
b2eda9980521ff3ea38093d0a0d5e30a3fcd082a,Marco Di Sabatino Di Diodoro,2015-08-28
0419594e89a7416470bd8950b1cc8cd75d023833,Marco Di Sabatino Di Diodoro,2015-08-28
8dd58bc1554a0e5233ca67359c9aa5bd2916f777,Francesco Chicchiriccò,2015-09-01
a707cc9cc57dcd9f3f40637e584f406ccbaf0cf6,Francesco Chicchiriccò,2015-09-01
1fe1c4b0a3d4ded482d669bbd435672992a4c141,Francesco Chicchiriccò,2015-09-01
8a1abd4e7c8dd70b01dbbc050f6b5fe680ae7554,Francesco Chicchiriccò,2015-09-02
2c3107bb3623d9834ddf81b1852a19371780ae18,Francesco Chicchiriccò,2015-09-02
91146a447234a5256ef2e60a80a556f3c55504ae,Francesco Chicchiriccò,2015-09-03
7a8160953af3034426cb934b721967e1de60bb32,Francesco Chicchiriccò,2015-09-03
e2c7754a531a1e46bcc86c02b840d8667ced30e1,Francesco Chicchiriccò,2015-09-04
bef1272618c586a1dc85161552fa29ae6be6499e,Francesco Chicchiriccò,2015-09-04
f29fd4eb86d112c724f02d457abec124c46142ae,Francesco Chicchiriccò,2015-09-04
0fa1422c6674979f4a9b61e2b103709af809970c,Francesco Chicchiriccò,2015-09-07
c25cbe3098c313b618b4c0124fe746078693527b,Francesco Chicchiriccò,2015-09-07
87e75438173ff19b8589af7347bcf0a8b560710b,fmartelli,2015-09-07
76e38c59664f39245e6877c5853f5eae79835af4,fmartelli,2015-09-07
f1880e2607b7a4d919039214e7795a3b9dd16603,Francesco Chicchiriccò,2015-09-07
e9839b3590e04a46e6513fab47e2793a130d3fbb,Francesco Chicchiriccò,2015-09-07
9ab997b3950629d449f2ed20805ffce3c9ce972a,Francesco Chicchiriccò,2015-09-08
00988759750f53f6737ef7d50e7faf63192257fa,Francesco Chicchiriccò,2015-09-08
1dce5383d52ca0eb89d289acc8d6e04b4f5ead82,fmartelli,2015-09-09
46907a301b40fbbfa6b01e54079bb43a85592d1a,fmartelli,2015-09-10
3ad16ccb26ae053109b7f4bdbf7b95755730d7b3,fmartelli,2015-09-10
2aba8fba752fb75452e9d84de1a05b0bd190a88a,fmartelli,2015-09-10
02456545bf191847ed4c4cf69d63f9ff500ea888,Francesco Chicchiriccò,2015-09-11
0e260fa839da59916c4653358f03094d33f8f21f,Francesco Chicchiriccò,2015-09-14
5879d4437aa0c807dd9380a9dcc1a834f0ddc1e6,Francesco Chicchiriccò,2015-09-14
66742b6ca393139488a8cdb81343f8558c8d2157,Francesco Chicchiriccò,2015-09-14
b3a79f4ec11b81864df9c12b0af58a549fdfa216,Francesco Chicchiriccò,2015-09-14
85df1a77abf823f8c4c9305f7f0ea973b1ed3041,fmartelli,2015-09-15
7526a2d59c482b708cbfe5da27f216023e554d01,fmartelli,2015-09-15
54888f6d9059f9e92ebb4dff3b287a2a15eb65a2,fmartelli,2015-09-15
86dedd3b69c6c8516a339185411974174cf96471,Francesco Chicchiriccò,2015-09-17
a5d2a92347e2ce7271066b4fa9c35e5106dfc3ea,Francesco Chicchiriccò,2015-09-17
10299f2c4e12376d1ca9ae700990576a8e15cf08,fmartelli,2015-09-17
a6b51b0d0c0252e8ced420920d5aaed8616a9ebd,fmartelli,2015-09-17
9f73fa43555a47a455e121ee8d52b72925ac9b4f,Francesco Chicchiriccò,2015-09-18
3d017e2c3ecaee95f5ef964464d1169ac06bb88c,Francesco Chicchiriccò,2015-09-18
0f3a4ed075b6854788255cf70f630882fa0c8ab4,fmartelli,2015-09-18
f7d23341e57a89f3d41643fb910478407626e2ca,Francesco Chicchiriccò,2015-09-18
b2355e758200ee07b3595682d8fa3a472d3f2bf2,Francesco Chicchiriccò,2015-09-19
cc5eff3b9abbbb6892f5c66c32a1a4512d81bfbe,fmartelli,2015-09-21
1aa234c5252b55be182af9f2826460367e393390,fmartelli,2015-09-21
52873317bcea3c1faf5445d477ced41f9019a768,Francesco Chicchiriccò,2015-09-21
767a30aa211904eb50998a022abb04fa2b83d9eb,Francesco Chicchiriccò,2015-09-21
9e57dd111d6a70e379741b17ad376de80b307618,Francesco Chicchiriccò,2015-09-21
d45c4936222a6f83810564817b213a2d24cf30ed,Francesco Chicchiriccò,2015-09-21
f3f18d13d9dc483f78e078447611f5072b9a3561,Francesco Chicchiriccò,2015-09-22
585fd9f798d06163308587e1f4898711e483485b,Francesco Chicchiriccò,2015-09-23
271052a88e7a24e6391cc2fd6e53abc0aa3a3434,Francesco Chicchiriccò,2015-09-23
b2e93ca73f22b8a28fc6565d8c9da0fcd8ad9514,fmartelli,2015-09-23
1ab8914f3ee19891fcb692e9b0d28bdadb59df08,fmartelli,2015-09-23
6f67940385ee969cbef7bd360d385badbc3c055f,fmartelli,2015-09-23
c14a20d7422805fe5b93e40915722e3e9474ddd2,Francesco Chicchiriccò,2015-09-24
44cbf349ad92ecc7059186ceaf47e01a666b055c,Francesco Chicchiriccò,2015-09-24
ceea93c0db562bc6ed6b91a62e4dc7b5908222ed,Francesco Chicchiriccò,2015-09-24
5537d29e9dc96990113b4333ae95c332218018cd,Francesco Chicchiriccò,2015-09-25
72e6ceb0624a90a9b63bafce37c04104c7391d79,Francesco Chicchiriccò,2015-09-25
5dc51917f7c1e89da5d9558c17f1048a7eaa68cc,Francesco Chicchiriccò,2015-09-28
434d19589f9ac8b959fa21235fc2278d8ec4bc70,Francesco Chicchiriccò,2015-09-29
a46f83ad2af26f638eb06a2771c5362184da6912,Francesco Chicchiriccò,2015-09-29
b56c08eebf369416d4418b607c80691ca47b55e4,fmartelli,2015-09-29
ddd7ce346e3f7306a5141cb05f9e1515321614ad,fmartelli,2015-09-29
af8f263bf4e8e8eabdc889c96d269b4184fd7813,fmartelli,2015-09-29
21262a6f3c87bd4c4aebe07400ed8bac78b06239,Marco Di Sabatino Di Diodoro,2015-09-30
2a7cf5aebc31752501bc2ba88e8b0cd41138ae02,fmartelli,2015-09-30
af214a2d61cff09db2caf4e3f13a8b488376c0fb,Francesco Chicchiriccò,2015-09-30
931c6de5b7a6a15dafc75fc447230ea4b31675f2,Francesco Chicchiriccò,2015-09-30
279888cae37f85166199697d137c6a6f74712603,Francesco Chicchiriccò,2015-09-30
1e15b05e3e3dafa4436edbb6f2585dc68aa855f6,fmartelli,2015-10-01
07b519bd86abc42ae4eea174121a3b3476d309d6,fmartelli,2015-10-01
ed9d02f269e3040cf8d547a440f3bd282004fbf8,Francesco Chicchiriccò,2015-10-05
ffb463bebcd338c6ffe9854a58e151df2d6ea5c5,Francesco Chicchiriccò,2015-10-05
a1e4daefa809f56023c4e61d3a50ab4681d1a5f0,Facundo Farias,2015-10-06
4a57705c3f182e40b4210874d97769939aa94e17,Francesco Chicchiriccò,2015-10-06
13f96e06804f0574a72cf2d496cb2ac62f927847,Francesco Chicchiriccò,2015-10-06
4cd1c1ea653d3a3cc23f042825452dc7f735738e,Francesco Chicchiriccò,2015-10-07
5934d54f8d28dd73d9ee1cee21ec14e4209af5ba,Francesco Chicchiriccò,2015-10-09
62dd125d021d6b2ce18ce2746023d6ad4304b1af,Francesco Chicchiriccò,2015-10-09
dd4dd571c8544803a99124cbc0a992b14a18ec7a,Francesco Chicchiriccò,2015-10-09
a1f85be2eddf90524cec0a9eeb51341fae00f1f4,Francesco Chicchiriccò,2015-10-09
d8540d9240f97a583acf406938ce258b20e5aacc,Francesco Chicchiriccò,2015-10-09
2be253de4372529df38511e2b25aa970987e347d,Francesco Chicchiriccò,2015-10-12
7dd33ce0a4fc0871f7a0d95c08e85d5fd4040163,Francesco Chicchiriccò,2015-10-12
f237681bc83bee70e22f14612b89051e528b3149,Francesco Chicchiriccò,2015-10-12
7b2a28d7df0eaa712f132a960ad5c303b9be5f61,Francesco Chicchiriccò,2015-10-13
a3e23c1f175dbdda338c4cf01d8acf6fc3c4f365,Francesco Chicchiriccò,2015-10-13
fcd85f6c4f9225919c1a55e4535cf0c151aab8e9,massi,2015-10-13
2e7713b617525b3d44fd3ab99cf22d65de4a7607,Francesco Chicchiriccò,2015-10-13
091b0662c8d77b84bc96e7e4047a36da8c12643b,massi,2015-10-13
6852628030c6492a85fbaeaa81d9001315f5d985,massi,2015-10-13
876fde9aa6abe7501a6cfdd53e32be0828ecdf03,massi,2015-10-13
36cc7725fcfcc7b3d1101bf5821690d1539ad127,Francesco Chicchiriccò,2015-10-13
89b54dad90942a9cf3a83bc9ccc7a19c14c4b914,massi,2015-10-14
80248d5bd0cdd714f5b118ef23aa3a3b3c1df88f,massi,2015-10-14
5063ce6e1b6db266470e42e17cae244b789e1dc4,massi,2015-10-14
91cb526c6ccb853d20677562e812d88fc53c252d,massi,2015-10-14
009a87e08da8fd62ffff22f6683bb5726220d7c2,massi,2015-10-14
2f137b211e14b8c97d610f7a1831885774ef644b,Francesco Chicchiriccò,2015-10-14
729cf5b3206435a2526e92cea759f249e964ce9d,massi,2015-10-14
4a28d6c835e8f47658e5a8ef6d171249750f992e,massi,2015-10-14
9589199482b8823bb630bf901014f816f179475e,massi,2015-10-14
87ad997748fa7197584463e2aabcb7745f89f5b0,massi,2015-10-14
237f90f12a852497afef707d74aea864e0cc5e91,massi,2015-10-14
1483986e37ba33d62be19f8fc3370cd5b79a0d34,massi,2015-10-14
a61c801b00b854390b170a964b919de7f98ce2b8,massi,2015-10-14
7642af97ccdfbd1086be7d1bcea5510235237ebf,massi,2015-10-14
2524280ebeaff46bc351f4692fb4f966148bc87e,Francesco Chicchiriccò,2015-10-14
ae88f405f78aac4553db390c82982b858f459859,Colm O hEigeartaigh,2015-10-14
4133c2402e491342d0c32a1a6c5a9bb7d5a8870b,massi,2015-10-14
e98d2b252d5464b10c9423e56a245dad356debf0,massi,2015-10-15
2011671c93ac23a2397bcc8be39a1ca191ed035f,Francesco Chicchiriccò,2015-10-15
c1bd770a0b1b8738ea59e90de40238290f181698,Francesco Chicchiriccò,2015-10-15
77c2999b339ca2c3ef510578780a17a5d0c79f3e,Francesco Chicchiriccò,2015-10-15
36ad4ace07fe03cc8605e1d7e43d2d88bb9d2bc7,Francesco Chicchiriccò,2015-10-15
56e05c641cbb4a39eee7c3825bf751d7efa5d070,Francesco Chicchiriccò,2015-10-15
405f212346b7714f1b21c67d37e35d9cf1e30809,Colm O hEigeartaigh,2015-10-15
2a99db9ce64bd9461fad9e1ac89bed7830b957dc,massi,2015-10-15
03c9bc2fe57b825a1cdfa4e8eb0fa0ce66ec40b0,Francesco Chicchiriccò,2015-10-19
6f4082cd7e324c87b076dc5eeefa11085b75d574,Francesco Chicchiriccò,2015-10-19
1c459bff536729e278bc0d5d8bb53f1934bb6f49,Francesco Chicchiriccò,2015-10-19
503097da8cddb197db8f54378f3721c46f32fb3f,Francesco Chicchiriccò,2015-10-19
fb577531bd39cb80b8ab81eefc344e04e5672af4,Marco Di Sabatino Di Diodoro,2015-10-19
4e0783e1c331a763313b3cd4b82de8fc8b791e97,Francesco Chicchiriccò,2015-10-19
56f159808c863507792752e9fd637d345d481dc1,Francesco Chicchiriccò,2015-10-19
4dd345565388678ac3fd091aa1c49aa53cab20d6,Francesco Chicchiriccò,2015-10-19
fc208d2d00a6821a3c0a369f3010e0cc3a2b343a,Francesco Chicchiriccò,2015-10-19
47392366e6f2cd04a8d016ef74f2bda408c86fe4,massi,2015-10-20
f8d46d3cf1570cd46ed3b2cac368ef32dfd542ae,massi,2015-10-20
c5923de5a113dd7c8b0aa556fc98b2b3481aba87,Francesco Chicchiriccò,2015-10-20
4d71ff3c5d4d8f6df8fefb4647f79cd02dfd980d,massi,2015-10-20
758a3c4a863ac2192adebbc089c2aa9125a04d0e,massi,2015-10-20
85d4e836cecd4c828c3b965afb5af32c933a90fb,massi,2015-10-20
5ebdcf7f5109d8a778b843424bbb4c0adda7fe66,massi,2015-10-20
462289dce937d9590947d1d9141bd75804288f03,massi,2015-10-20
6b9cd592b21440d54fabd6012616c4f6a18a81f3,massi,2015-10-21
3f58b93c195d2d80f010b3362aa8d445cfff6970,massi,2015-10-21
d2f57abd7840fe912f5a4cb07a6a78455b78d6da,Francesco Chicchiriccò,2015-10-21
4f543e8c045edf6a321a1ac2bcf4b4ac7755b620,massi,2015-10-21
469b7497c989ca9a892065ac81ac664a71790f01,massi,2015-10-21
dfc1df48398e9b1421d23c1fb2ab8c3c6cb03ad8,massi,2015-10-21
171c0ae360d913c20c846a4a17983e5ca1540002,massi,2015-10-21
80f2548a004db0970fbfbd0773a068a8f9c9a836,massi,2015-10-22
ef28d8e680f2003d99eaf5eb7f3c5af027a99cc6,Francesco Chicchiriccò,2015-10-22
9cd92305562916453bf2aee42bbc3b6d1b07e5cd,Francesco Chicchiriccò,2015-10-22
e20dd0ae315244db0f74b29ffe6096760a7536b6,Francesco Chicchiriccò,2015-10-22
fa5e65aa95fae91387d3c1ba4992ceb5bd3e4b6c,Francesco Chicchiriccò,2015-10-22
55fdc58c959fae949cf660d008b9c670f97e37ae,Francesco Chicchiriccò,2015-10-22
15f6d19dc49006be90bdce1b3859510a4a471066,Francesco Chicchiriccò,2015-10-22
79d0316744dd868f3b9a489a4ead6885a8a8d65a,massi,2015-10-22
493133037c867b335f1e5f046bba8fa78ad40f55,massi,2015-10-22
23d8047389206d870450ab73e0f7bf24c3d65e2e,Francesco Chicchiriccò,2015-10-22
73f73f20692910e6f0c2acf27d5d8bd7982e6b6c,massi,2015-10-22
7a11bf3b911a9ca96dcd4a9b15158dc1d47fd814,massi,2015-10-23
973cd50fe5c8852c6ba087fbbd984e54931ece94,fmartelli,2015-10-23
49caab314a24a3e47de38ebf7efc4a2e3e2057be,fmartelli,2015-10-23
66d3a50565eff9718b07760f9f14f0d03a869b27,fmartelli,2015-10-23
9a1474770d0f77cd5655072e43280b2176cdc404,massi,2015-10-23
25c41ad81b491d1df7606f0b88db0c3d6cf079a6,massi,2015-10-23
7f584fb5939dda2b24497b0ff465cc8935c8e5b1,Francesco Chicchiriccò,2015-10-26
934398172f91b1128a0d3bac12c4a0ac2e1dea55,Francesco Chicchiriccò,2015-10-26
0362480ada657e1f92539f3025ad771e798678e0,fmartelli,2015-10-26
1347c1081dd9eb3e32ae0b0f39e47fa5498aa3c3,Francesco Chicchiriccò,2015-10-26
509d30edad9365fe0d97d6c3d5d2288c92d5c69b,Francesco Chicchiriccò,2015-10-26
4aea77695f0bf889a4fc8d095e8060898554b744,Francesco Chicchiriccò,2015-10-26
ee7ca34319467b440b6f28104be55da7db215da4,Francesco Chicchiriccò,2015-10-26
586df51796d4aeb7b6660fdfd7c23390f7d9d2be,Francesco Chicchiriccò,2015-10-26
893d88901513100e3daf5d4d5b4b47a3f72f9aea,Francesco Chicchiriccò,2015-10-27
7866cdba5a3d8c9626916b8d388e5b37fa97a2e0,Francesco Chicchiriccò,2015-10-27
47b9f64bd1aeb9ec9260f809a83c042cbf09b9fd,massi,2015-10-27
74e867e8ccde9d184b7986b8329907ef51e4372b,massi,2015-10-28
435e59db756bbfcd836f651010cc9e4a61ba2957,massi,2015-10-28
5954e2e7d44878c0f87d594140f6cc42146ad5c3,Francesco Chicchiriccò,2015-10-28
207d93c7ceadd2d3a6798308558a81e69c6ce24e,massi,2015-10-28
3c36fe10e73bc14fb4512a88127d8b2d11919bee,massi,2015-10-28
1ebc0bcd0c61a7b7d41de3d28ee3a718a78ebe8f,massi,2015-10-28
d404b400ad4b37d5bb4e2b6aa9f0d9c164822250,Francesco Chicchiriccò,2015-10-29
0211410bac90d6d7b48bbeaa20675dadfe70b255,Francesco Chicchiriccò,2015-10-29
e486aaf3a1ac1b5a3281a2c93598cc38cca4073e,Francesco Chicchiriccò,2015-10-29
6d368c8b264e11e35d709365e39e663ede7bc57e,massi,2015-10-29
1b81e33c74e883c38349630098316a7fb1ade866,Francesco Chicchiriccò,2015-10-29
764fa2eca81fc37d52b2dd09c49efb6b9e0b1312,Francesco Chicchiriccò,2015-10-29
381dfde35a27c1d1447ad40941ddabf4dbf9268c,Marco Di Sabatino Di Diodoro,2015-10-30
223a64e26deff69a4ed8275d0f1348ca4e130a01,Andrea Patricelli,2015-10-30
714557e64f309bd4975ed55bb7d182a7727c4667,Andrea Patricelli,2015-10-30
d43268c10f022e9707b01a95ffdc55c37e91b05e,massi,2015-10-30
77fc5d26b01f4b56fad131e5c6190103a161e77c,fmartelli,2015-10-30
4c30ca705382bfc26b09c1675941ac28f5f7ddfc,fmartelli,2015-10-30
214a3745866afd702dcbdc1c1fe3f3fa253135b2,Francesco Chicchiriccò,2015-10-30
1a05fe1959833f9e7de09b0f133b52c00dab5f8d,Francesco Chicchiriccò,2015-10-30
047ac0190bf15aff81fee2d9538bd68a64305d15,fmartelli,2015-10-30
e9bf6d17fc3d17a24b69b23dd398a53df27c4f4e,fmartelli,2015-10-30
11ce3630afce03887d16c39870c9acda667e6807,massi,2015-10-30
c8ebb34791c43956baec6ca376aaf02b9d57b456,fmartelli,2015-10-30
dfc6a062061f6e436d2f1e2c8f8fedcdc823ca91,Andrea Patricelli,2015-10-30
2f50e297955d433d11e60a78c5ec4884d785f9e2,massi,2015-10-30
27fc4be7ed5b913a36618f5e580692ef643afe6d,massi,2015-10-30
d29be2af7d68b8d726b28d441b2fa1f6b12e89ce,massi,2015-10-30
24a9125914f66f31827dffe34351cfca20288eb8,massi,2015-10-30
c2bbd0a860c3add02f4bb100ac68f5e11e5c3395,Andrea Patricelli,2015-10-30
be774ee674ca0299cb4c924c21ac428d6c20a883,Andrea Patricelli,2015-10-30
fe5a398c9ed8b1a26fbc4d8967a62f300f731922,fmartelli,2015-10-30
8450ec32c306fb2514ca6e4adb0e1dafb7f925fb,Francesco Chicchiriccò,2015-10-31
0892af81534bc768132f12854510730712bde11c,Francesco Chicchiriccò,2015-10-31
26a4cd26cc8c355f7ae951ae2455d117cd0f31fd,massi,2015-11-02
2d036afe28f7024c76e0ed76d86c9b0805541b78,massi,2015-11-02
3082eb0d6728681d6a5f8dc86d343cebd65aa3be,massi,2015-11-03
28c20ac52c4c5833fe335d4f987fdad273706303,Francesco Chicchiriccò,2015-11-04
10f6a51b1394a93a23640e3a55086dc0a523152f,Francesco Chicchiriccò,2015-11-04
87a96913883de764106f007f7e8f2115ec71ee7c,massi,2015-11-05
518d0c50667f8d9442bff0edaa9ea80fbd634429,Francesco Chicchiriccò,2015-11-05
a2e302b383f636e8ab0d457fbe1c2e8c33b27855,Francesco Chicchiriccò,2015-11-05
4f2b4c5057b4debe0460b87e07fdf8fe0297b3c4,Marco Di Sabatino Di Diodoro,2015-11-05
e10fc8c3a3a1e4e60e7104fe2936a524958f7b8f,Marco Di Sabatino Di Diodoro,2015-11-05
ffd510a464803de2604843e33d996dd582b7ba0f,Marco Di Sabatino Di Diodoro,2015-11-05
e304e9387f7e757a5c8632df5d51cc06b1a5ec39,Marco Di Sabatino Di Diodoro,2015-11-05
b845cf52cf5fbb16fe14e9c517d21e5e1669f713,Francesco Chicchiriccò,2015-11-05
eec662457fa05cb9a7bf3980fe18b059434bd69d,Francesco Chicchiriccò,2015-11-06
03b341e11b03bc20fa12c09b0bc03caf68f54c14,Francesco Chicchiriccò,2015-11-06
a61f603634eb10a131b03b18696487f05ee199f3,massi,2015-11-06
474e7327444d3d9e0e472f355446f0b90deb8c9a,massi,2015-11-06
ea56dc9179b880f79d0eabf726ac55ddb23edcc7,massi,2015-11-06
d59380af6f3be5412fa283c7c59e759f34ae71f1,massi,2015-11-06
820e536d129988af43c6c5c33cb9f476bc3e05cb,Francesco Chicchiriccò,2015-11-09
6bf6ca6b42b7be3c987a52798f439adbf6194509,Francesco Chicchiriccò,2015-11-09
573a4e3035f444487b67b6cc1bed94807336a05a,Francesco Chicchiriccò,2015-11-09
68def9562234028835a3bea7384c9c94de29ad62,Francesco Chicchiriccò,2015-11-10
e5c98b4c928178f5420c1c2f978504d3412b2a17,Francesco Chicchiriccò,2015-11-10
afabb76422c48da0a401b808a37bdfb7c5016e7c,Francesco Chicchiriccò,2015-11-10
b206d9b329c5de3000dfc4f3de8bcc63f0608a83,Francesco Chicchiriccò,2015-11-10
02bd1e390d99962f1d7e9f574b94f1e2474b0d2d,Francesco Chicchiriccò,2015-11-10
34af1854f488f80a9969da8e3c833fee7c810b89,Francesco Chicchiriccò,2015-11-10
80798ccee84866e7f4e8c1268cbf9e657a6acb4c,Francesco Chicchiriccò,2015-11-10
4e6dee22335da12ce1fc9d5f96f51ee53cf53482,Francesco Chicchiriccò,2015-11-10
e8eceae0fe3f9b559a3e66fbcf968ef6e5b2eba6,Francesco Chicchiriccò,2015-11-10
c6e008125fb08e9b939acb73e233742ad0c3824f,Francesco Chicchiriccò,2015-11-10
9da95172a5eadfe9ffcd021ccc4ba8b00a0a9ace,Francesco Chicchiriccò,2015-11-10
697c908444638f6e1f13deb9b1a1a714e552f37a,Francesco Chicchiriccò,2015-11-11
b67e367e75a698420c256c5bde23570c8ad03442,fmartelli,2015-11-11
fa06bb8fcd4248dcff6346190f0518b70167e47a,Francesco Chicchiriccò,2015-11-11
1bee9d7d497186a03c8bae40e4858191acf19f7c,Francesco Chicchiriccò,2015-11-11
3a21e437d7d34e28645e26acbca7e8e232a1fd48,Francesco Chicchiriccò,2015-11-11
93ed788b5aed6761d230b36cf7e8f13301ddccae,fmartelli,2015-11-11
01612160f16fe45b8f2f206a06d2ad3dc566dbd7,Marco Di Sabatino Di Diodoro,2015-11-12
c9d2a8334a0d25f91586e0710b8f233d2e901aaf,Francesco Chicchiriccò,2015-11-13
cf426dafdbeae10e9a208235e7481d11b121c47b,Francesco Chicchiriccò,2015-11-13
b9fcf293b3fb1df01c81de52ed65d51f25322601,Francesco Chicchiriccò,2015-11-14
4eaee19ae66b0cb11775f900466d953f1bf5f592,Francesco Chicchiriccò,2015-11-15
b4a51a8a86905ee9e3e7395df442ab2aea2bae34,Francesco Chicchiriccò,2015-11-16
c2ce2e800fa661cf8d5ab718dd8092aecb89c9d6,Francesco Chicchiriccò,2015-11-16
e034afcd5e7da01d56d9222d85f14d3b15cb4c6a,fmartelli,2015-11-17
bd910fbee38daf9f1477e08a7aeca1a25dd25620,massi,2015-11-17
3cf1df3f94dda26e259cd89dc900800c6484afa4,massi,2015-11-17
9c60cb3ae8fe3cab960c2bf3f2b94afe268969b2,Francesco Chicchiriccò,2015-11-17
e479d494b461624be1c43c4f01ec1790f2d21536,fmartelli,2015-11-17
560fc4df106825c80520f941beb2e0e601cb056f,Francesco Chicchiriccò,2015-11-18
bc1a1427526d2b2f3b452481d808da34bcebacfe,Marco Di Sabatino Di Diodoro,2015-11-18
1ffc62e5757276d108ba7ac568f585f9c1fa298f,fmartelli,2015-11-18
6ea34cd36a4943537abf65eee1a94ef3982679b5,fmartelli,2015-11-19
b738d3e94877528cb74fc1b0b75c4c11e83aa16d,Francesco Chicchiriccò,2015-11-19
758adcc4fca30faa87b6e1ce18ad37e94e987886,fmartelli,2015-11-19
24e414446da782bfb6978a7bae1a7d010875fff1,fmartelli,2015-11-19
9b033aa1be51f0d7b37d46434803b1f12f942c72,massi,2015-11-19
73269550f5c4a9c68a0c9bd64e38b99cdb44ad5d,massi,2015-11-19
6cd894a4f319cfe9fcf3ce8c3cde3a99fe6e1c28,massi,2015-11-19
444182f724a4fc9a9f2985244f630aa30659e4c8,massi,2015-11-20
0980c8e4774a757226bcccad5739437594dc1ff3,Francesco Chicchiriccò,2015-11-20
e6e2a4718f534240d97b64152b55041449f2ce90,Marco Di Sabatino Di Diodoro,2015-11-20
986f2085d36a272737d852912456e2cb97356191,Francesco Chicchiriccò,2015-11-20
bf2dcae39cedec28ba2551834339ae96429a33c6,Francesco Chicchiriccò,2015-11-20
175c5b22af3674bacb3f640a1270d04ad5fbbfda,Francesco Chicchiriccò,2015-11-23
c3e4c38dc0eede729ca7504e32e0291833f394ff,Francesco Chicchiriccò,2015-11-23
07451e4cc978a56b0e958fb59608b7e431e6f7e7,Francesco Chicchiriccò,2015-11-23
538761562e922794bcb674028c2a01ff19469d5a,massi,2015-11-23
6b2e6f3d59b7507ba2a1e0bc89045432cadb1936,massi,2015-11-23
cd329070dfa1c88e42b5f2a003fa5a16c6fa942c,fmartelli,2015-11-23
7bcabd1d34801ac16d518f902a54726c17fc76cb,massi,2015-11-23
d398b6e0592c17b2ae795f98cd2fb1cdd03c8700,massi,2015-11-23
7a259ec2e00263e9aba922a549c62d114393d28d,massi,2015-11-23
cb7f0fb1c27b9c4ee0569e4e27154011dccbf0df,massi,2015-11-23
90feaa486c7ca42e2757e3253091280a6450d30c,Francesco Chicchiriccò,2015-11-23
e5d228feaf6d5e136bc3ae4da69176c44cbd5940,Francesco Chicchiriccò,2015-11-23
e71ebd9fce85c58fcbcfcdd2d893e02bd6715db2,fmartelli,2015-11-23
920e0df4bbe6fa5387899aeb3d89e611ccce19ec,Marco Di Sabatino Di Diodoro,2015-11-24
d34b48642a0427d27265c83fb6e95ffaea05ae7a,Marco Di Sabatino Di Diodoro,2015-11-24
7b1cb89bba9b91df3a9153e9bceec5a53a2deec9,Marco Di Sabatino Di Diodoro,2015-11-25
5ad760bd5fdeb62bd695fcc6b888ef5e9fa3a8a8,Francesco Chicchiriccò,2015-11-25
0f938e72d6723517fe451010ec3a2e398b3e4ecc,Francesco Chicchiriccò,2015-11-25
bbb051feb43291de74d7cec215c63d2d68cbca03,Francesco Chicchiriccò,2015-11-25
e9ff5c73ed144337bf9dc44cbb96bbe01ea3e1d7,Francesco Chicchiriccò,2015-11-25
84040d6df62577aab8d5762ae4aca14d2ca43faf,Francesco Chicchiriccò,2015-11-25
4fd76bf663666082150da4b79fd88f1c920d93ab,Francesco Chicchiriccò,2015-11-25
59106ffc72dcfb0d7c103c7636770ba246d2bd0b,Francesco Chicchiriccò,2015-11-25
2ec09df55e6036b171d1e398949271e9676706ee,Francesco Chicchiriccò,2015-11-25
ca262864747b56e38851a963f45b3a59e1d8592c,Francesco Chicchiriccò,2015-11-25
7334152c75f2afa5263c880bd16efabcdc97b1b0,Francesco Chicchiriccò,2015-11-26
9a5b26c681685d77617274ddb1d974b98d5fb5c2,massi,2015-11-26
6daf51b5ab54fb5f0ca475833a5b4eeaa5050a29,massi,2015-11-26
54131374f86b65b3736d1b728e510f58690ed140,massi,2015-11-26
b32c5db2e2c49db6581c354d62d07737a6f1711a,massi,2015-11-26
327c8e03d3764d7a08ad9f376bcc7dc0e243993c,massi,2015-11-26
992f6002fed3a30ca553242ca9d4dc9c0a636b7d,massi,2015-11-26
9840cd0d93f1138167d8ffc3c2bc66ac0e7585fc,fmartelli,2015-11-27
e66dcf424284efc7404c6bf76b5e7b7a3b6239f9,massi,2015-11-27
bbcb6105885273eff5e953cac9c637687abb1fa4,massi,2015-11-27
fd940ec1e09e478b0e01c9cbfd416d555ecfd0f2,massi,2015-11-27
5153b165381d034c3e379dc23ba8a9b14f64b13e,massi,2015-11-27
becd01e9342d0a3064d54e21a771e3788dbcd165,massi,2015-11-27
8d42fa877d68ad91469577f54852721ce039bb14,massi,2015-11-27
073e29a16c6885163c94d7f5d3a9a5553a3ae231,Marco Di Sabatino Di Diodoro,2015-11-27
2030cd27b072c12ca640ea83b0848e5463f46710,Francesco Chicchiriccò,2015-11-28
727feffb015f2570eb58104874e87503a63f4358,Francesco Chicchiriccò,2015-11-30
eaa00e8c250e5040a30538fa3496254f74f8a4bd,Francesco Chicchiriccò,2015-11-30
b13fc1781a7fa276b1eeef6798e5e2812343978b,Francesco Chicchiriccò,2015-11-30
b3d131dd916dabb0cad43b82d7473a58eb3f435c,massi,2015-11-30
1c2e69f217c6d61fcbfe754b5a848c345d5c188d,massi,2015-11-30
684e203f42eb4f9fcbd861d68ab037d6b7b55088,massi,2015-11-30
cf05bb5f99301e835484f1b7b0f36a2eeb4800a6,massi,2015-11-30
e27f20945acb3f3f8b06c8b786a68b6220414c61,massi,2015-11-30
a02adbd8771a80ec6e606d3adf0eeb8f2b7fb39d,massi,2015-11-30
341c985dc3d70e24d91e5e50813dd6cad26f36eb,massi,2015-11-30
c6f4fc7a75ad3512835fe8e38c8e603c6b50ca70,massi,2015-11-30
609ff9a06d10fed5a1d270d63a16208a7fabbcd3,massi,2015-11-30
d88f853385c2c77837ddc4e50d0d88dd42836633,massi,2015-11-30
83a864f2691b2a8a0699250e8e52cd2fe02539bc,Francesco Chicchiriccò,2015-11-30
234819b6e9300d7f3923a4eb193ade3773461e46,Francesco Chicchiriccò,2015-11-30
d433501b978ea120436de48c7dbcaf08f8d8e249,massi,2015-12-01
e34a8e4f3330c1ce4bc9565f894bfe336b28cb7b,Francesco Chicchiriccò,2015-12-01
933fcc68f0865a4af4c8034ba8be1a314f3d9e99,massi,2015-12-01
630de0af3fc5781be8a97c9077ce343ca4ba139f,massi,2015-12-01
b9f542bf26702f3823168fa86ac8955d50341583,massi,2015-12-01
394aa2e80f1009dbc2657d56d06a39d5b21fea49,massi,2015-12-01
08531e6e604815c9b1a134a83b5e118f938f460c,massi,2015-12-01
8875e0fda8866d1bb8f8b89523eaa4a8bfc8267a,massi,2015-12-01
80a04bb544d911ae6a252ac8c6a32a3ef3751b9e,massi,2015-12-01
748793c4386c301494efdc47fdfe9e821c45d06b,massi,2015-12-01
78204b93ebb7197b796923704506528cb9fca11c,massi,2015-12-01
df0875394060eecfbe61cbd5bd16d1488eda082a,massi,2015-12-01
e044394813c98ae4755c85f5081aa1c940d8e178,massi,2015-12-02
715e1d39938614f84cd516e417eceaf777ca924d,massi,2015-12-02
39950ccfc849edf25451686cca82c4970621c3bc,massi,2015-12-02
d6c211774586de3f66e6ec3087c8b2f98e0e9a31,Francesco Chicchiriccò,2015-12-02
6125dc3a7de2a8093b151ccf86e0003c24df20e4,Francesco Chicchiriccò,2015-12-02
18179de19556f4d2235a5264fe40a45dee149f3c,Francesco Chicchiriccò,2015-12-03
85843f77c08f685efca718331405eddfbb69573b,Colm O hEigeartaigh,2015-12-03
cfce9b9f3a1b0aaac2fb607953add73078ccd74f,massi,2015-12-03
706cd3671d72b773358442e4a634f8a6c0e3cf6f,Francesco Chicchiriccò,2015-12-03
b4f8939043b02bcea607cbdaaf269f2db22bb9cc,Colm O hEigeartaigh,2015-12-03
10f0bd5d8bea45f841e128902cc9e793b27fb574,Francesco Chicchiriccò,2015-12-04
2080b51c515d17eb1b7c5c9d6ddf875e2952550e,Francesco Chicchiriccò,2015-12-04
fa91567d71b7e62cbb4c88a3ad9a70e2de7bd97d,massi,2015-12-04
da596533f9b9726802d360d51045a24a1cf23677,massi,2015-12-04
3fa2dce9d910ab58067ef08ab451218b0899c2e3,fmartelli,2015-12-04
141f96956f35c85543b2cea3ffb728d4dcf7b692,Marco Di Sabatino Di Diodoro,2015-12-07
dde2a124c809e5fb97447680192453493faa43a6,Marco Di Sabatino Di Diodoro,2015-12-07
81e141b022fce721a8601a4bd79802a9940edbb2,Francesco Chicchiriccò,2015-12-07
9cfe3fbc1aa99ae32f9090eec1baed0b8334c440,Francesco Chicchiriccò,2015-12-07
f5ebfe1a4d11e87423e74c683a506b6d941ef53b,Francesco Chicchiriccò,2015-12-07
ccdf612cf4c0af952e82aa7c4fd24997364a060a,Francesco Chicchiriccò,2015-12-07
d45394db3d2d1b27ef4754cbc2fadb94701258bf,Massimiliano Perrone,2015-12-07
d818ea45dc3e3f61ae4e110a2c6708f1588314d6,Massimiliano Perrone,2015-12-07
666d73f1bd34e1fc6eccba83a0901dbe794d3f99,Francesco Chicchiriccò,2015-12-09
1e51b34ea63c68f77f28c4e1111f7f248f8e420d,Francesco Chicchiriccò,2015-12-09
c50dae60a8404df618190c00ea57eed414ac3c66,fmartelli,2015-12-09
0e5c4835016cf80edff06bdd9581426a57698d10,Francesco Chicchiriccò,2015-12-10
b578a788a18c17aa976148b82944aacc6a9869de,Francesco Chicchiriccò,2015-12-10
0d5ba39a3d935b733a4e79732d2a79cc7d6afda6,fmartelli,2015-12-10
930db341fc53b0c71ada1b9300979cbd8ac791e5,Francesco Chicchiriccò,2015-12-11
8f1a5571600310becf7722c4500684581ee61a1b,Massimiliano Perrone,2015-12-11
75387d7ac0aeef15c4cdc2ac191ef947ca3ae34d,Massimiliano Perrone,2015-12-11
8714fa8b67ae5f4fa4eab408bcb4ef63fadbd97e,Massimiliano Perrone,2015-12-11
05f1e5a7d1b52fb6e2641158774f5e1c92c2183e,Francesco Chicchiriccò,2015-12-11
ab13c7b8ed5a459e35f792ed3b6913bb2d938e3b,Francesco Chicchiriccò,2015-12-14
1ed1785657b9ca89e965c3f6ebc6ad13f95b8f2f,Massimiliano Perrone,2015-12-14
588c2d39029cdcdac09150d42431b781bffacf95,Francesco Chicchiriccò,2015-12-14
eaf5110aa0a63224350b68c8622edee55f6543f6,Massimiliano Perrone,2015-12-14
1d48e5f29ceabdee460325f061709d5ded7b3847,Massimiliano Perrone,2015-12-14
417eb401bec9136d8edac69daa242557b4185a1c,Francesco Chicchiriccò,2015-12-14
26c3e413fa2ec1077fc8d848c1c9b7c346820e67,Massimiliano Perrone,2015-12-14
13c0ff630e3891286ea4667a58bffda3f2b35e81,Massimiliano Perrone,2015-12-14
a0ca2c1615d7ce468245a453d48913357e8fd48a,Francesco Chicchiriccò,2015-12-15
1b3e8ea8f02c91682b3c61f9bdfddf2bc784c202,fmartelli,2015-12-15
ce7cad4e11ce58a86c16f3279254ca5adde14c70,Francesco Chicchiriccò,2015-12-15
3395c6ed6a53f6b52ac0cb66d458e52d2c1c3bf1,Massimiliano Perrone,2015-12-15
335d7f61ab7e60a4f87cd76ac179eda4f318d30c,Massimiliano Perrone,2015-12-15
e21587171946ae764b820d4db9c7f731e84e871f,Massimiliano Perrone,2015-12-15
54db189335d308adc174a9993ca1ca6862b9f2c7,Massimiliano Perrone,2015-12-15
c95ca2fd2f47dbe680798058ed6da1827a10b1f3,fmartelli,2015-12-15
97b202db1650470e4d2789cb6e088fcbba5a1e89,Massimiliano Perrone,2015-12-16
73b9f6d673e7de06331a8fda30270804c4589957,Massimiliano Perrone,2015-12-16
2a9f92e614c044222d84e59b9380b557a2f57dd5,Massimiliano Perrone,2015-12-16
b7f88690c4a3cfa1d214063df7f5fdf86b0f16cb,Francesco Chicchiriccò,2015-12-16
546ea0bf32cfd247a39058ad3f818e9ddc2dc4f4,Massimiliano Perrone,2015-12-16
dbc9092789af151ca284e1b634e07b5c3d0ef5f6,Massimiliano Perrone,2015-12-16
05478375f5d286323e993e8057f95a272fed38c6,fmartelli,2015-12-16
64129fcab688ae0ebcbb8dc5180abb67680c5947,Massimiliano Perrone,2015-12-17
191a91dc11cafd866d250bffceab5c1e257b9666,fmartelli,2015-12-17
25191f26c421ceada998d561b7d2b14aa352a804,fmartelli,2015-12-17
baab84a86e4f120880ccc7b693ebdb9fcff96058,fmartelli,2015-12-17
1358b3552dba77195412093e233c81066e405e03,Francesco Chicchiriccò,2015-12-17
856830dcf870f2f182a51b366f09a0637e4fa7bd,Francesco Chicchiriccò,2015-12-17
b37910513877c61562e20fd382e0c2e806a1af2d,Francesco Chicchiriccò,2015-12-17
a12e60b15f01069848645667a37d076887c9fab1,fmartelli,2015-12-17
288179f2639cb13e1dfc7f7b5869f9d5cbd58861,Francesco Chicchiriccò,2015-12-17
83509d7eb8322ba8066f9278c25ba38a829cb439,fmartelli,2015-12-18
66c9c3eff1c82e455996c86e50762dab36ebf4d1,Francesco Chicchiriccò,2015-12-18
1b5839b40f7671f1350645e3b4e3aac4b6b212ad,fmartelli,2015-12-18
907be4ae4efedf3821a5d8779dce4ee3da7b4acd,Francesco Chicchiriccò,2015-12-18
c3b1c7e66d061d99cb47c5d0e7f67591e97da7a9,Francesco Chicchiriccò,2015-12-18
82ccd29d88b787e1749c46bf4701c098147619f6,Massimiliano Perrone,2015-12-18
cdb7d3b6dea65c7a25375b2d24ec7db2bef7f9a3,fmartelli,2015-12-18
1b5fd8f50c004fd818e13a52f1e0a0326e27a8a1,Francesco Chicchiriccò,2015-12-19
0828b44c6ff25cc00bd2f52461b53f1ed8c67bf4,Francesco Chicchiriccò,2015-12-21
9bc0f21e8c7b4a81d2a16a1115269020a537a656,fmartelli,2015-12-21
a92f400f6458a8d789780e0d3089d98c97458b6d,fmartelli,2015-12-21
14e06e0f1f7d55eefef486784ffc12207fef02c7,Francesco Chicchiriccò,2015-12-21
50ecf0d80163d6d828417bb71f3b52a910dfc716,Massimiliano Perrone,2015-12-21
d2f2b1ad1babe846fd963fd1d3177ff3d4493e8a,giacomolm,2015-12-22
84445355e10776b8db5721691004ba109336b68e,Massimiliano Perrone,2015-12-22
6e41db3b9fbd23f750e21d245fb97736b0b0aa91,fmartelli,2015-12-22
a9c2624546887787a6e0389e4bbb1fff5f14f612,fmartelli,2015-12-22
72e3836cf29e1edeb2c619c2d06ce64252e31f34,Francesco Chicchiriccò,2015-12-22
5279aca98962f2ed0b86687b604776c9c0a5af09,fmartelli,2015-12-22
e5bb44d903785433f8966964cd2f6807eb7face4,fmartelli,2015-12-22
3696cf2559979e38dc30954873265d509fc2b24c,Francesco Chicchiriccò,2015-12-22
2a75cf3b64b6b7f0876620b207ad3a977adaf865,Francesco Chicchiriccò,2015-12-22
656156454209711641b938d3ed1f16774999f295,Massimiliano Perrone,2015-12-22
19e3f21d311d133ded4ff2ede5ea759a45235d8e,fmartelli,2015-12-22
c9e66925fada4ccd822caf16536354b1c1052e86,giacomolm,2015-12-22
fee2b81ddfa072394bf275c6d67f20849db1915e,Francesco Chicchiriccò,2015-12-23
cb2f095bf99fe4af05d2722f9ceca2ca0e5ded54,Francesco Chicchiriccò,2015-12-23
46840df380a855d8a0dd827e8cb2db992f18134c,Francesco Chicchiriccò,2015-12-23
851fead536bd5cf14499376ba1c4aeff24c1dc1d,Francesco Chicchiriccò,2015-12-23
accc6fe7ba153df130167fa12cbf6c4243600d4f,giacomolm,2015-12-24
045975e087aaebbdc1ef2b85ace65bc4267be93b,Francesco Chicchiriccò,2015-12-24
f65636e059f509a56ff4d04d789295d35cf39478,Francesco Chicchiriccò,2015-12-24
33fd83021e7aa0ba835c03c39d41c66b812b7c55,Andrea Patricelli,2015-12-24
f93b48951c2696d71608559b51d8d63699797b9e,fmartelli,2015-12-28
57a120244baeb9d8dd38e9f242b0f54631b7083a,Andrea Patricelli,2015-12-29
c34dd05eace2e3db9235f614639567f536d1937e,Marco Di Sabatino Di Diodoro,2015-12-29
d35f028dd9aaf955efcb394e5e59d3f59aa2e30b,Andrea Patricelli,2015-12-29
2261b8243435bd7197bf2c172c8d98bcc67b3a43,Andrea Patricelli,2015-12-29
cb1ac36d80e83f6d06eb44897e5c56dc3ec931b0,Marco Di Sabatino Di Diodoro,2015-12-29
4d2cd5f9d6324ad81f44d93fd151d1c1853701f7,Andrea Patricelli,2015-12-30
ae05dee916c5f456ddca26edfd525fa7c119e1c2,Andrea Patricelli,2015-12-30
421c0f8b431ddc34fffc3670c6d019b4333fd80b,Andrea Patricelli,2015-12-30
44700ae51fb1356120b133baea12cd4a879cfc51,Francesco Chicchiriccò,2015-12-30
24cb528e63752e36e3821e7f9303fef0a37c6753,Andrea Patricelli,2015-12-30
e5990330f193fd7e0777b37ea5128b939e9000a8,fmartelli,2015-12-31
6a93860d8deab4a2c1e5cf2c8e75e64c8c5eb27d,fmartelli,2015-12-31
8e8368e19772c5e39baa0a152e81a890f2cb6c3e,Andrea Patricelli,2015-12-31
29f2d7b2617a9dd2e5dd2f40f7d25e5cfc49cd95,Andrea Patricelli,2015-12-31
b66047c91db4d470c1704911d6738c4fc548753f,Francesco Chicchiriccò,2016-01-07
ee590ed7cb2a8c676c2d62322af93241918d1484,fmartelli,2016-01-07
861457d4f47a282181a60542937282361d5418be,giacomolm,2016-01-07
3a17fef1674c8aa3b95c9627e1b77697d726a584,Marco Di Sabatino Di Diodoro,2016-01-07
5dda24d48d8454b6164d18e353fa970417b42b96,Francesco Chicchiriccò,2016-01-07
c8a536186162180aa25c147b9103b6646dca4dd3,Marco Di Sabatino Di Diodoro,2016-01-08
d5296cadd09eec9dbd2e945709ea02c5162df56e,Marco Di Sabatino Di Diodoro,2016-01-12
03d7de338dfee8ba16608f07df4e89995641d76f,fmartelli,2016-01-12
4ed984ef6c7def62159e94b939ab3bfc6c83fe1d,giacomolm,2016-01-12
fb416d2d1744459b9f52fb3f6b4c38a3e27834e5,Marco Di Sabatino Di Diodoro,2016-01-12
842a4f25e1073e592911677caf8235866cc57fd6,Francesco Chicchiriccò,2016-01-13
fa9e8d91552a82a60630281da9dfaedb9111a1c0,fmartelli,2016-01-13
47fc1689813a6666ac6c1270024e1fd299d12d73,Francesco Chicchiriccò,2016-01-13
ebd435b56474e300a835950a99be99e1ec6e7a44,Francesco Chicchiriccò,2016-01-13
c486bc15ed6a955b103f3a3081bfe86f615702ac,Francesco Chicchiriccò,2016-01-13
614695f9a8558068f37374f25fc8149243b50cca,Marco Di Sabatino Di Diodoro,2016-01-14
a30719c78d605ba136e15a3c17596fd1cc580d6b,Francesco Chicchiriccò,2016-01-14
c5b47d50cdf3d73c4931a7cb91b7b3365e9615aa,Marco Di Sabatino Di Diodoro,2016-01-14
9536ffa91da22558067d186c90ecb2358fb9996d,fmartelli,2016-01-14
7cb3c322e08eaf4fcb94c02485962ce92f98a00d,Francesco Chicchiriccò,2016-01-14
997bc50d3055b6837c08f9ee7c331d6a562f4fbd,Francesco Chicchiriccò,2016-01-15
9cf1291abadd64c07a0ee7811c2524d39653d711,Francesco Chicchiriccò,2016-01-15
6fa78799bd9f04641f2f2a6105813109a7ab796b,Francesco Chicchiriccò,2016-01-15
084746e9afd6007c6b3661b646ff79978ab8e345,fmartelli,2016-01-15
fa23a95d2d0734fb7f3f5b7a7d2b9cc720613314,fmartelli,2016-01-15
a1c3ed3acfaf44603eb8d6311099ee5c9161b859,giacomolm,2016-01-15
6649c5941aa33641c60abd3d56aff7ee1f0a7f20,Francesco Chicchiriccò,2016-01-15
e5c3e80efa988c941dd7d67144fba616a770d5fe,Francesco Chicchiriccò,2016-01-18
23626cd12b22aab81db8f34f4e66509ea1c28e55,Francesco Chicchiriccò,2016-01-18
3735f9474c752b81069e0bcac124fff31226493c,Francesco Chicchiriccò,2016-01-18
207e7eb47de32f2f44d43224c8d899820070b0fb,Francesco Chicchiriccò,2016-01-18
4f9392b58bb256cf43754b08eb7b14a7efe36bd4,Francesco Chicchiriccò,2016-01-18
534201b3ca829bc5c226fe4ca61cb12a11a11483,Francesco Chicchiriccò,2016-01-18
53afc1308426d2ea5529c98c7f787305f9f27bfa,Francesco Chicchiriccò,2016-01-19
43c4d8ea89c4f97b193451e506bc876d6c5c99be,giacomolm,2016-01-19
de21e7165f8d0f102152913750c836399434aa17,Marco Di Sabatino Di Diodoro,2016-01-20
77fa0f61d405de50545c4e8f63309c8b1d47d09f,Francesco Chicchiriccò,2016-01-20
de9c213baaf098e5ade455c6775e4ccc70f1495a,Francesco Chicchiriccò,2016-01-20
6ca9d6ea028ce0bfc55dfaabc6732fe5cb68ba84,Francesco Chicchiriccò,2016-01-20
1c3ed0b06b9eb658005cb4548f9c338bf42bcdbc,giacomolm,2016-01-21
5d35181a18765b49a9fecc5cf18d5300a289c4b9,giacomolm,2016-01-21
e4373b321d9dc9072d8ee7f53e6d506d2f350589,giacomolm,2016-01-21
0f8dbd498792dd4988c9ead0ea357b9f4aaa24fc,Marco Di Sabatino Di Diodoro,2016-01-21
f27187cff6ad569d8df623e83bd3a2fc1cc08d60,giacomolm,2016-01-21
2243f409c2fdc09e187a995073525f4192e78dba,giacomolm,2016-01-22
4239fed8dd880fbd6442f127a8f4f433b041a033,Francesco Chicchiriccò,2016-01-22
b88e20e91c83d9c31e6d8bbd8630fa2312bc658c,Francesco Chicchiriccò,2016-01-22
8b5bfca8ea3774688bac0b67d42fa23ac4c68248,Marco Di Sabatino Di Diodoro,2016-01-22
e684e61d6b9ef7a8be5971b23d043c6deec885d6,Francesco Chicchiriccò,2016-01-22
537da29eb8b71536f063f8c72c2e49d92a0a7b5c,Francesco Chicchiriccò,2016-01-22
29726bb6b8fc7d4e2564599e0f2d6ef2d99356ab,Francesco Chicchiriccò,2016-01-22
02abafa83422c5b657129dd587610556a0d8623a,Francesco Chicchiriccò,2016-01-22
95709c9bd23e28e0564f93d663de313c4c35caf1,Francesco Chicchiriccò,2016-01-22
cc3accb13e71060c7b7e3f234c9e79b62416a389,giacomolm,2016-01-22
14d72ab41c6fd6f108e7f25695b644039a5fd8cc,fmartelli,2016-01-22
dde1cbca6fdb83b52348536ac960f29f50e53d1c,fmartelli,2016-01-23
143c8e6db2b49e696375e2f12fd3039650efad60,Massimiliano Perrone,2016-01-24
ffbf8725e68d27500a179031c3b3a03fd1cdb2b1,giacomolm,2016-01-25
d30415675e5b062ba25bd98a3a2711ea01351ab2,Francesco Chicchiriccò,2016-01-25
eb0411c8498aef8051e5d874c7b7fb3b529c963f,Marco Di Sabatino Di Diodoro,2016-01-25
bf1c0fd90fe336022d1164d090358ac4400b4e15,fmartelli,2016-01-26
6f35621893e768fdbbd8de1794be2e947cbfc4b8,Francesco Chicchiriccò,2016-01-26
6d56c7ed63f7701d3039e3fb57e38f5d9eb062a6,Francesco Chicchiriccò,2016-01-26
17d5d892889226c88ed28e81d8e98c0a6bd8ff52,Francesco Chicchiriccò,2016-01-26
67a3316aa1f518f009a5b88538b0a00a1664687b,Francesco Chicchiriccò,2016-01-26
a2e5e74ab2d592e2015df2c2680be0100e26987b,Francesco Chicchiriccò,2016-01-26
17f53ed8bed18c5abb0d6f63a8b801106872504a,fmartelli,2016-01-26
6c2ba202c049027437ab0fc19999fb278fe3a58c,Francesco Chicchiriccò,2016-01-26
800a39f9d534d199b7b8e37ac8915cb1425db99b,Francesco Chicchiriccò,2016-01-26
dc8e946d31e00ac7f5680166e47aa0a97d05c438,Massimiliano Perrone,2016-01-26
b9fd9303f4afd038e138d1d13339df0a52312b2d,Massimiliano Perrone,2016-01-26
148765de6f16d05038b0da026438301db02bc3cb,Francesco Chicchiriccò,2016-01-28
85f3abd36b265602b23a38aec4de2731acfbd8f5,Francesco Chicchiriccò,2016-01-28
b66273e7f1b5de874bb2f31fb0afa361556a2690,Francesco Chicchiriccò,2016-01-28
cb4059fabaecaa2e892df5dedea902b6f89ba745,Marco Di Sabatino Di Diodoro,2016-01-28
bc4976f5a6fcf88cec9804f7e20aaf9c30655755,Massimiliano Perrone,2016-01-28
fa28888fed98a440f4c510107a9494e54ef192f2,Francesco Chicchiriccò,2016-01-28
a4a9ef568d29a591055dfb7fea625cc9bea28e5b,fmartelli,2016-01-28
2ac6f8d50daebcc0f1070f77a4df19059cfc2704,Francesco Chicchiriccò,2016-01-29
63eeca3ed9e485802f814d57062c6151af41fcf9,Francesco Chicchiriccò,2016-02-01
f5682a72b3171fa0f4cff234a33b073b8175cccc,Francesco Chicchiriccò,2016-02-01
88cf0bd7464f9cd195b744a8f29862c89bb13777,Francesco Chicchiriccò,2016-02-01
0268a3587aa419ad3380347cb19162da347ccfcd,Francesco Chicchiriccò,2016-02-01
d69d1d8af3e7d1d53843d33a2544ef288b0142bb,fmartelli,2016-02-01
27629aef9a2060914d015fe7b9b057524ff658cc,fmartelli,2016-02-02
4af3335a7544f39e7020a4df5c91ed2799b33bf0,Francesco Chicchiriccò,2016-02-02
7300f2ff03144768464e246321be8fac6987877f,Francesco Chicchiriccò,2016-02-02
16ffd3ef9e0f39f466526fd1c0ed0102a317872e,Francesco Chicchiriccò,2016-02-02
22599aac548a3bf54f32812420f4f84c6725855c,Francesco Chicchiriccò,2016-02-02
bd757e36d28c01779c6d1c87ca86e85f8de3dab9,Francesco Chicchiriccò,2016-02-02
78483975cbea586fe8f5af581a1c69e05709c8bb,giacomolm,2016-02-02
5c53413463eb19c2f7fe128d58bcaebf5de1d57f,Francesco Chicchiriccò,2016-02-02
f6924d05faed3763ebc6ec21dbed1c14d694be4f,Francesco Chicchiriccò,2016-02-02
6fb162234d5c65231daf53bf0914a9004f5803ce,fmartelli,2016-02-02
7ba591bc051ae05171580bc6f81da7aff0d43f2f,Francesco Chicchiriccò,2016-02-03
627ed302d3a572b22ca78cf03e3e6c29cc8ce746,Francesco Chicchiriccò,2016-02-03
cc8278736da2e5b034dcf042cffe318e7d8ffa1d,Francesco Chicchiriccò,2016-02-03
9c132dc2db3c31445d2161867968f18d9da532a7,Francesco Chicchiriccò,2016-02-03
15e3c8b79609a6657b9647a2c140ea69f88e4b2a,Francesco Chicchiriccò,2016-02-03
c9e6a095bdac52b12d7788b816e4559977b099a4,giacomolm,2016-02-03
3445217e1559daf34bd83f0c48a31cfa73eae3ba,Francesco Chicchiriccò,2016-02-04
73526331bb895a29238f41493b2a187b24a4ded1,Francesco Chicchiriccò,2016-02-04
9484648133a35b95a10c95fbac926ec2d33c3bfb,Francesco Chicchiriccò,2016-02-04
1a30ce8eb1b08a16d5224808a3652f3a9687c7fa,Francesco Chicchiriccò,2016-02-04
adebf7a4838cdbdd8709a32548c1038ea5506e5d,Francesco Chicchiriccò,2016-02-04
5cb879bab2bacc3ebfcf906ebc8a3cf1b084a6c0,fmartelli,2016-02-04
446472dd4cf6c7326fadfc012d9bd32440b33e73,Francesco Chicchiriccò,2016-02-05
cf8dd65f6252b19ba5e71bd5cec4c996cc7e87e4,Francesco Chicchiriccò,2016-02-05
18dd88e83c5fac484c897dcac33af02c7c7788c6,Francesco Chicchiriccò,2016-02-05
520f7f874b2a87b66201640ada135f363a1f1883,Francesco Chicchiriccò,2016-02-05
9bdaae3f65419b064500f5ab2e3163aff327e8a7,fmartelli,2016-02-05
12ec330f85397c38dcb5a41c3373fbe5582936ad,fmartelli,2016-02-07
3f67d791e03ae6c24b06b4f644cf99d4c7e3cdec,Francesco Chicchiriccò,2016-02-08
38a9f51ea4f15c1a0c9ed2b1ae96009691950417,giacomolm,2016-02-08
dbfb792c03bfdaf7f37d0a915313a5a15759f7e7,Francesco Chicchiriccò,2016-02-08
1565803ef0d64aaf9437c8cd370db98856aa631e,Francesco Chicchiriccò,2016-02-08
4cc46deba44f82aab3df3235bd43fa41aa6cc5e5,Francesco Chicchiriccò,2016-02-08
755591c7cf8c9fe1bb7c9e398c2ccd158c9cdd67,giacomolm,2016-02-08
65d9e3146e1538fe53f7c902a44455043414e02d,giacomolm,2016-02-08
748a478249744e975a935ac9eec03d82fbdc2564,Francesco Chicchiriccò,2016-02-08
4e087a3d175b8d374de18284d63172e172196042,Francesco Chicchiriccò,2016-02-09
208abe18a20a9fe7cbce7c288a8818a9749c5ae3,Francesco Chicchiriccò,2016-02-10
de58845e40f7cbdbf23766ed76522937cb4436f1,Francesco Chicchiriccò,2016-02-10
5e0a7856d0dd2a1582af0e1efc5b27a763b35636,Francesco Chicchiriccò,2016-02-10
a3dcf3a64231b9e6906d5fd44a86d6b010ac21bc,Francesco Chicchiriccò,2016-02-11
065fa979a29547eb67f0b61951268776d80a56d6,Francesco Chicchiriccò,2016-02-12
2b8a6481b3ea229d3c1ba4af88f6fc35fad9ca3e,Marco Di Sabatino Di Diodoro,2016-02-12
62c8175af86948f23723480927f2eada6523bbbc,Marco Di Sabatino Di Diodoro,2016-02-12
de0a37d750f7671fb5160cad39f54e08a6f9b420,Francesco Chicchiriccò,2016-02-15
2ecd96f10a2d25c25709023d35b8c861037d7d5a,Francesco Chicchiriccò,2016-02-15
7d0b602eebb898e7154ca4a2edcf3d404c329798,giacomolm,2016-02-15
454af56189ae01d061eda672d5392980e285a508,giacomolm,2016-02-15
26cba3b9c28b9b83a358b024e50d4a5f11f0f9f6,Francesco Chicchiriccò,2016-02-15
0d9358373bf741130b06f739109d8dfd4d74031b,Francesco Chicchiriccò,2016-02-16
356655e55dd20fe9b5cf4ed84046186762fdf0a8,Francesco Chicchiriccò,2016-02-16
3e6c308d70bc59f05bb517239b3ecc3ba57253aa,Francesco Chicchiriccò,2016-02-16
0e6e87171cb105dd580a859d78f74a2af1fca847,Francesco Chicchiriccò,2016-02-16
188f5d3160f41094d5830ccd697e1c9a8cea0924,Francesco Chicchiriccò,2016-02-16
411b7cf2eeb16deb2015b32ecdb7fe1a2f23363c,Francesco Chicchiriccò,2016-02-16
fbc3cfbdfe89d21dd3250d80f65714cfe31b7601,Francesco Chicchiriccò,2016-02-16
79834f92aa7a00b703568232f5593b44c2f714b5,Francesco Chicchiriccò,2016-02-17
3f0f25623ad682e19dcf86d0f5962e3f884b79e6,Francesco Chicchiriccò,2016-02-17
3147ee7610630d22754eda79f575519a9f05c935,Francesco Chicchiriccò,2016-02-17
1802b3bb47c7144af3d73b378b5ad83816835946,Francesco Chicchiriccò,2016-02-18
757608a7c7577b157aa6f2593a4f1ef782cc2ffd,Francesco Chicchiriccò,2016-02-18
3c6fe5eefdf1fd4d16cdfbe962fc6e06cdc8a1b4,Marco Di Sabatino Di Diodoro,2016-02-18
9f1cb5fb640f31861f1d9b4139ea278aef8b769c,Francesco Chicchiriccò,2016-02-19
d2feda5e663e89edbb44e7f86bea33b4a2f72b08,Francesco Chicchiriccò,2016-02-19
915f3c325d3dde66f8c8a891b3b0a04a165f7e54,fmartelli,2016-02-19
6001e3939acadf724147ff44f2ee0ddf33f28f60,Francesco Chicchiriccò,2016-02-19
5140ac15718d73a1d1f7bcf6ff36c3791ee11faf,Francesco Chicchiriccò,2016-02-22
548799a515a4e20f34b3331bba052fc13476115b,Francesco Chicchiriccò,2016-02-22
e3d7ff37aa85231c80476ceaf74c348a980f44ae,giacomolm,2016-02-22
924a951794828b79f417ccdc5c9e9a47fa0f3d84,Francesco Chicchiriccò,2016-02-24
15582e4ff81c10f911d9f09753cc2cedcd26f73a,Francesco Chicchiriccò,2016-02-24
e1b668a3f0d55058525e88d3c319909a9f6c2fb3,Francesco Chicchiriccò,2016-02-24
c2226917062427c11c6eac1719e33794db640557,giacomolm,2016-02-26
83c428eab2a25eabea02277e96acaa8a0f61ccc9,Francesco Chicchiriccò,2016-02-26
c102dd24a0d5cc4e185ae684ad7ac39573b4469f,Francesco Chicchiriccò,2016-02-26
2c8815aba5e75212e495e2bfd97aed0ebf7de458,Francesco Chicchiriccò,2016-02-26
9682d57f4b564d800dee87afd5c666261df34740,fmartelli,2016-02-26
a5ff8debec7e941c85ad745e187f1ab990b96a5b,Francesco Chicchiriccò,2016-02-29
f75a6091f2fcc177b9ced429302fcb85f626d7ea,Francesco Chicchiriccò,2016-02-29
d729b206354b17a711e54e3ad9341cef803b961c,giacomolm,2016-02-29
e77308ccd7bd3a8eab29322fd05215d9c252fa91,giacomolm,2016-02-29
f8bc1288de2381d8027d2a56510a9064f3174409,Marco Di Sabatino Di Diodoro,2016-03-01
6da4eec2fc149668e38f4dd43b536f9613b465d1,Marco Di Sabatino Di Diodoro,2016-03-01
6306562fde0b345b6ff944bb98f275901c675be8,Francesco Chicchiriccò,2016-03-01
981dba133cd4615ad7ffde5b2c7e6fa8c99a4568,Francesco Chicchiriccò,2016-03-01
03b743992215a24fe131fe4e00f2171911e55f1d,Francesco Chicchiriccò,2016-03-02
89d0ce572d644ccb66a1e172531b22bc922181e2,Francesco Chicchiriccò,2016-03-02
d53dce1df81054f2228834b759d57b158af0a9e6,fmartelli,2016-03-02
936d5422bc6df7a4bb647c4ca91002163c9c50a2,Marco Di Sabatino Di Diodoro,2016-03-03
f561358688c6ae7892326b522f55c6e36f89519c,Marco Di Sabatino Di Diodoro,2016-03-03
0d76a0f0bb0514de7f785368a3e7d226b626764e,Marco Di Sabatino Di Diodoro,2016-03-03
62c50276a1e8abbf944688209a969cee76efc14e,Marco Di Sabatino Di Diodoro,2016-03-03
b38650de0c23c080c082c74c73eecd118fb3ffac,Marco Di Sabatino Di Diodoro,2016-03-03
3826d02383f8855e46880f4ad54979584d9474d3,Marco Di Sabatino Di Diodoro,2016-03-04
48b5a10f49e659d6fc24e116d4c56307ac9721c9,fmartelli,2016-03-04
24f035b4e8cf110f86d2821f901662697c275373,Marco Di Sabatino Di Diodoro,2016-03-07
3b784c075fd855a9b4780c7d8cbc4a32c0f6ce42,Marco Di Sabatino Di Diodoro,2016-03-07
581f5247dfbece310ca4fb3fcdaca6fdc116ca20,Francesco Chicchiriccò,2016-03-07
f9f50c575114043bc558084e6109fefcf7862ea5,Francesco Chicchiriccò,2016-03-07
72833a0032a3669b5c6d0ba8e9bcc750f3c65509,Francesco Chicchiriccò,2016-03-07
082402cbee81fb7ed996e10ce53a636ddb47795f,Francesco Chicchiriccò,2016-03-07
d5ec3c71b60eee2fe6b88106a23f2dbe3dc631e4,giacomolm,2016-03-07
09e696b3d0a64ba4790365501aa2f5bf1606af0e,Francesco Chicchiriccò,2016-03-08
1738c1c3291fe459d893f0e5cc4b3a42c9e99adc,Francesco Chicchiriccò,2016-03-08
61a15b0c6c295d5a7abc3027f8f7680781ba3263,Francesco Chicchiriccò,2016-03-08
8557d2acf267792329b03d3dcbffad8bdbf4c547,Marco Di Sabatino Di Diodoro,2016-03-08
0d09829ed34b62b942ed68216e8b08ffd8861335,Francesco Chicchiriccò,2016-03-09
28569df55015aa2ac86ac21020005d0e8fb4addf,Francesco Chicchiriccò,2016-03-09
f171f9d31bf39586b21d9db59955a111ce412312,Francesco Chicchiriccò,2016-03-09
855c909156532b71f5df6fb0cb7266c0cf60c1d4,fmartelli,2016-03-09
aec3fb62542970ef31dd57f375c9c2f0a947dacf,Francesco Chicchiriccò,2016-03-09
69d30c51f6c6a0154ce01e6d4962afc0f979d1d5,Francesco Chicchiriccò,2016-03-09
17bf8d0df233521d67a740c76afdc4bff92845d5,Francesco Chicchiriccò,2016-03-09
feaea691565fca7819e65866524c5a97e9f948c9,Francesco Chicchiriccò,2016-03-09
29928e1e730abbae976e37414679d89fe68fd387,Francesco Chicchiriccò,2016-03-10
601a171a5036f146d586a9537d1eac3dab5f59f2,Francesco Chicchiriccò,2016-03-10
40288e97c695b2a65636009330ecd6a17d7e1f44,Francesco Chicchiriccò,2016-03-10
61a7fdd38e412a30eeb24161400c669a2c3f3228,Francesco Chicchiriccò,2016-03-11
3c19e35153170af40169fd1d42bcc2551dc73190,fmartelli,2016-03-11
44b12506d5692ae7ddbb15e1b5af0b9816f92901,Francesco Chicchiriccò,2016-03-15
f85e2d8d3f6e0a17c175db1efa8280ec5e679939,Francesco Chicchiriccò,2016-03-15
355ffbb9c42fceb2b13767435c10346471eef2ff,Francesco Chicchiriccò,2016-03-15
8cee98bc2e6c548558ae71723a714222f0511a31,Marco Di Sabatino Di Diodoro,2016-03-15
857d5e62a9b7113fc3082945cb54bfb51f6e7d9f,fmartelli,2016-03-15
16a67589ef41948ac23439c275259c9902e508c9,Marco Di Sabatino Di Diodoro,2016-03-16
9a10f6e9924bb46c6756fa00433d99f21f3eb982,Francesco Chicchiriccò,2016-03-16
04183d50fe8bd2e8f9e94a2e115a91c7bd4afac3,fmartelli,2016-03-16
d72befc59157c17da6d05f67d4c84e233fbb413e,Francesco Chicchiriccò,2016-03-17
2191f29b4131da096bdc2ee714940c8f61732792,Francesco Chicchiriccò,2016-03-17
96fd9f55c3ecb04d6727bae018b821f08bc2459d,Francesco Chicchiriccò,2016-03-17
8287f0621eecd53b5d1ef96797c830f0f58876fb,fmartelli,2016-03-17
2373ccd34f874b6640352e7075f1a02601a8f5f5,Francesco Chicchiriccò,2016-03-17
c0f3c9933ce6ee6be0baddacdbbfd0a631d61e95,Francesco Chicchiriccò,2016-03-18
b5b3b60d1ae1785d665511e87c338195877e4943,Francesco Chicchiriccò,2016-03-18
d56a96f3b591d965d866b51750a4468d7a08ee6e,Francesco Chicchiriccò,2016-03-18
282a19baac7a21127c6c3c86bed5c8a4e8018aa0,Francesco Chicchiriccò,2016-03-19
db624157e24fa58e0c870b8c1fce456e891ad9e7,Francesco Chicchiriccò,2016-03-19
b8bbd7eb23c2730871abdeb172ed4920fddbdd1b,Francesco Chicchiriccò,2016-03-19
f9af4eb39c111a154b8b2a644dd0f119bb9059f7,Francesco Chicchiriccò,2016-03-21
4ede1ed11213c8d450d0ae1e95a9a3c424ddfde6,Francesco Chicchiriccò,2016-03-21
f7beea30044a668337fbdb52a25a1b3e586e8585,fmartelli,2016-03-21
45859c8fa42f2f8c5771ce4a9cbcdde074134a37,giacomolm,2016-03-21
45c76fb0878f23d95a123185b897deae41c234d4,giacomolm,2016-03-21
738310ddd095e6dfae46bc38bdcff2447ef0e4f6,giacomolm,2016-03-21
16d00664d6eab9084216f3ceb08c87d2a360e367,Francesco Chicchiriccò,2016-03-21
f4795e2d154a4e51effcfc7e983ebb3f271f7663,Francesco Chicchiriccò,2016-03-21
a8a91a31d41280704bc4b0856588aac4a6a6e4c0,Francesco Chicchiriccò,2016-03-21
9332f7f2a0ac71fce036aa05b875279a89d75677,Francesco Chicchiriccò,2016-03-21
cb5396be5db20a12cb9689f2f37d8e6b38083b9e,Francesco Chicchiriccò,2016-03-21
cab2428a54f1e1ef0e511d9dc302e79a7072ed7e,Francesco Chicchiriccò,2016-03-21
7cc9fbf1cef2d907af6fb45d5e6698509107d0d4,Francesco Chicchiriccò,2016-03-21
5157650aa4d80ca21c4007237db0de49ceebf0c0,Francesco Chicchiriccò,2016-03-21
c2af45e219dbb19af6ee3309ffc79875f497924f,Francesco Chicchiriccò,2016-03-21
5c7309096e656549bcf39c4beb9156ed3eb9a5d0,Francesco Chicchiriccò,2016-03-22
85288b1e7ec83b666657cfeb8c62ab728a7e7e2c,Francesco Chicchiriccò,2016-03-22
0b4c4c8912daff5c22502467b2d743d525e3fa5a,Francesco Chicchiriccò,2016-03-23
dd15ebd90e01c4bd9a76b57d599fa70604a0c90a,Francesco Chicchiriccò,2016-03-23
371ad7bb6d705a27b426558e791284cebf4b57af,Francesco Chicchiriccò,2016-03-23
23a391ea7e981a915fab6be42d8ba3d892add056,Francesco Chicchiriccò,2016-03-24
18e9a49072b9150fdb5ef3f3ce330f98311d7086,Francesco Chicchiriccò,2016-03-24
ab67161a509c5252dae8f8273ab8423efd9ea154,Francesco Chicchiriccò,2016-03-24
9014cf2873b522d9fdd7dfe7afa5bdc8be3c9677,fmartelli,2016-03-24
762178b15fb3555c58813ede0caa87d9740f9064,fmartelli,2016-03-24
d9ec96b7c5d0c0dee206781e2c76f60eedcfe620,fmartelli,2016-03-24
6dd1757b3ef536f56016693a320c5898084a9e1e,fmartelli,2016-03-24
aaf9f1b203375b23095d8939440e831ddfb07761,Francesco Chicchiriccò,2016-03-25
c14bcd2a406aefaa1b0c855569063dccfba7cfca,Francesco Chicchiriccò,2016-03-25
829d0217bbce0cc053e5f3793f8b318c02eb8076,Francesco Chicchiriccò,2016-03-25
7d361aef75457c4f5480bec210b41d4123a24fa4,Francesco Chicchiriccò,2016-03-25
e913cac1036382b224831bde0f8ed8c0275f99f2,Francesco Chicchiriccò,2016-03-25
123bbb83e2d1c55f2d0b8cd9b0c566c00c75e243,Francesco Chicchiriccò,2016-03-25
75900f2d8f3e91586b918fd3386784680ef6978f,Francesco Chicchiriccò,2016-03-25
91c5103dccc4204b5ddc576e2e12533f371bf902,Francesco Chicchiriccò,2016-03-26
b2e07eb707c36366876910fb97ca43c0d94b601e,Francesco Chicchiriccò,2016-03-27
31fea77bf445480af866ead354ceb4b72576dd9b,Francesco Chicchiriccò,2016-03-28
9f1a674403871ae36b6c90ecf2531fac68e2f4ca,Francesco Chicchiriccò,2016-03-28
0b2757e4ad63da84ccadb7c98ea47c824d105b61,Francesco Chicchiriccò,2016-03-28
d194b2f0e75acdb0a511d4db869cc057357e78db,Francesco Chicchiriccò,2016-03-28
5c4181fcbe77ca2e57654b415ef5777f66f32fcd,fmartelli,2016-03-29
5c239515526a3b5adeb47c137dfacb52a773d5e4,Francesco Chicchiriccò,2016-03-29
6a432b9a48a07c3a698c3c7c63b7218d8a848606,Francesco Chicchiriccò,2016-03-29
3d587889ddf74d48d5fc0dd95a63976625c2b6da,Francesco Chicchiriccò,2016-03-29
3d286f86fb9ed30f90bb0324dbca39f5946e2f2d,Francesco Chicchiriccò,2016-03-30
85cc122b68b29a426ff5c5ccab4d86f06aa1f152,Francesco Chicchiriccò,2016-03-30
e29d78c17a899339a47531865d261043c2073429,Francesco Chicchiriccò,2016-03-31
ef80e01536b131ea818d84df9d8bd6b4a41824ed,Francesco Chicchiriccò,2016-03-31
3e8912c35062ebfc98037e36001408f80208f3d6,Francesco Chicchiriccò,2016-03-31
ab0551c8d12ba7736bab0020226f9e7cce67c1ab,Francesco Chicchiriccò,2016-03-31
0e5b127be2a4fbea11fc54591f844d7f36ae53e3,Francesco Chicchiriccò,2016-04-01
db3b970ba211a4b1551b0f2d36474d67ab3191db,Francesco Chicchiriccò,2016-04-01
e90fa814e8df525d1d4c0323f1f543610c9149d2,Francesco Chicchiriccò,2016-04-01
15b9e4e15d9455bf65bf593b4880fb473f3d219d,Francesco Chicchiriccò,2016-04-01
7857936e65328ab8d2b4d7753cde7dac1abf6ae1,Francesco Chicchiriccò,2016-04-04
45bfdf7de9e7d0a17d2d59ce43be05ca3c94b968,Francesco Chicchiriccò,2016-04-04
74e57f1f732728ab0ca622239960207b948fe879,Francesco Chicchiriccò,2016-04-04
323b22cd69b948ef1f742cc2f6d1086d6f8fedec,Francesco Chicchiriccò,2016-04-04
bef0726464d8981c8263b29efb89b4d93b173f74,Francesco Chicchiriccò,2016-04-04
756e5c5e2434d85ba207e0296f90c223a0b96f5b,Francesco Chicchiriccò,2016-04-05
692e1f91c67d8eeaa731392d42daa03b1df07248,Francesco Chicchiriccò,2016-04-05
0e89478de51df598b10bfb22b93f173d6fe4ca2b,Francesco Chicchiriccò,2016-04-06
97af20e1422e50d4d04008e1f7eb34e49d471f59,Francesco Chicchiriccò,2016-04-06
7300ccdf35693a02192d9d56ace592ee676c612f,Francesco Chicchiriccò,2016-04-06
27dae836f910977a640d9a1506dc0971dc1cb745,Francesco Chicchiriccò,2016-04-07
0016d10c90659102986d9eb0405c56d6f1ee32f9,Francesco Chicchiriccò,2016-04-07
f126c48419a2dba75bdd5ef413cc2326dedff442,Francesco Chicchiriccò,2016-04-07
68c3ead70e30b1e9c17054d646731dee903b0007,Francesco Chicchiriccò,2016-04-07
62aa8f7833fdec66e5f40b1e35deb60c52cefac4,Francesco Chicchiriccò,2016-04-07
93cf22969741764d711435a00ba38583484151a7,Francesco Chicchiriccò,2016-04-07
479978703435bd21f84d73f1862c8247f6d04865,Francesco Chicchiriccò,2016-04-07
91befa207e491a1afc147376fe5d4175a85b3764,Francesco Chicchiriccò,2016-04-08
8455cb96be28ce8298dbfe41c073356710a06350,fmartelli,2016-04-08
daf8019a14cdf9791f645d406230b2881adcb550,Francesco Chicchiriccò,2016-04-11
ed3d61fdf0ffca963c8d1005590ebce742ea7987,Francesco Chicchiriccò,2016-04-11
8f86631f9ae956443054b0d0d7ae2286541b3090,Francesco Chicchiriccò,2016-04-11
5e85d830a0a3fa24c4736ac65f5736f31f5bd57e,Francesco Chicchiriccò,2016-04-11
1b84ceaa3479f27d0655846df5ab46520271d240,Francesco Chicchiriccò,2016-04-12
f1e420a5e1191653a2093c8e9508bcaf808043c0,fmartelli,2016-04-13
f67b5f8541ba76af69c825db6982530a46e6b263,Francesco Chicchiriccò,2016-04-14
a25e923bcaacb01ff9c384985d45a98098a964f2,Francesco Chicchiriccò,2016-04-15
1735c44c19226d4f2351befa1efec60d9796d98a,fmartelli,2016-04-18
e7f67ceb8b6281c2c6777f34868c7c3488fbb071,Francesco Chicchiriccò,2016-04-19
dbfcc55188c4ecacfa087c6a5fcbfd9e3869a6d3,Francesco Chicchiriccò,2016-04-19
36dcf657e491f5ebe689c1471ab1a9ad593a7d30,Francesco Chicchiriccò,2016-04-19
0df25dfb5c4f74904e79188fa50ace3aaf2982a8,Francesco Chicchiriccò,2016-04-19
550ee4f4c9d52cacf879303f29905212a5f4d2c3,Francesco Chicchiriccò,2016-04-19
f99f36e24e69b80e4a543c0a80bd731cc2c3fd28,Francesco Chicchiriccò,2016-04-20
f2bbd9392020f7b50a15e12f515f8faa462b9f59,Francesco Chicchiriccò,2016-04-20
450387858a73ed4aeb11f140309c30834f31107b,Francesco Chicchiriccò,2016-04-20
67d12d48bec899def4cc6e34d47e9a9b1fabfed5,Francesco Chicchiriccò,2016-04-20
49533dcead2543d298dce9b825c6fb7792c71c12,Francesco Chicchiriccò,2016-04-20
146df3ab892e9f5ad3659b598dea1cc694d8491a,Francesco Chicchiriccò,2016-04-21
1c5251f809d4e2138666ceade389eb5a5dc8b54a,Francesco Chicchiriccò,2016-04-21
0d745d4341d6770e0a5d1c305d623f6799f872e3,Francesco Chicchiriccò,2016-04-21
c4be818f00cadc6ffe7eb92197e2c5f81301d9ad,Francesco Chicchiriccò,2016-04-21
c34416301b17b148e937390e05a17122b848888e,Francesco Chicchiriccò,2016-04-21
95a531fd222161e7ffae695b70f0809cf9615848,Francesco Chicchiriccò,2016-04-21
a7666a3f984afb7623461f5b4d9ae9a45d28169a,Francesco Chicchiriccò,2016-04-21
0139df76876234e593b8592502bcd476db50b407,fmartelli,2016-04-21
daecdbbc02f6b9011b8b3e721d6c8ec89abf9169,fmartelli,2016-04-22
d2404b9073b0e54f1efc9554d4d54b7fc44408a1,Francesco Chicchiriccò,2016-04-22
f14320e0503b2656269c57f1ab34c622ae71441a,Francesco Chicchiriccò,2016-04-26
22b893d24c4bb3d28477dccbeb69dfc697adc031,Francesco Chicchiriccò,2016-04-26
5b47ab2354a0272ad9c5d3298d8a1fc2565a0c1f,Francesco Chicchiriccò,2016-04-26
8dc9ec5f75af0bfbd67f7daf897ee1d80bf5ef75,Francesco Chicchiriccò,2016-04-26
8b98a337a9c796df38f67e81910ff807bb417c1a,Francesco Chicchiriccò,2016-04-27
baf62abcfb636590d1b6a535e109eaa13c53dd9f,Francesco Chicchiriccò,2016-04-27
a8758327731ffc6b30e0fb8246a9f8834e57a1e5,Francesco Chicchiriccò,2016-04-27
826065f0610ea485b6d3bb91634e6e3dcb93e966,Francesco Chicchiriccò,2016-04-27
b0417d7c3d45f2e0e2752ac4acb26af42f0e6b31,Francesco Chicchiriccò,2016-04-27
32726184d30cf3f9dfd4a41152b7bb9658043ea2,fmartelli,2016-04-27
eed24866ec55c8f73d91f21f2d6478cfbe808d09,Francesco Chicchiriccò,2016-04-28
e87e4102dac8b64954cbe1402cf462fd84a7e7a4,Francesco Chicchiriccò,2016-04-28
ae52b12e1432253900e5712af419855e595fac20,fmartelli,2016-04-28
7c591aa4df0078d4d6e6381b3c031e9d58140f53,Francesco Chicchiriccò,2016-04-29
3b16483cfeacbf0aebffc0560fba50918d0af737,Francesco Chicchiriccò,2016-04-29
052cf6b16459b5f60838e35d4968d27c535bc3f1,Francesco Chicchiriccò,2016-04-29
f3f7cdb3a73409969e3ee687e10a97174a0fd85f,Francesco Chicchiriccò,2016-05-02
a637694af0509cbd97c35476bd8016508b34052e,Francesco Chicchiriccò,2016-05-02
edb0cb33d4ca6ac6b993dfc2f8ee536752f17e02,Francesco Chicchiriccò,2016-05-02
c6ad7270d0f66a4d63acff5b992c144ed439139b,Francesco Chicchiriccò,2016-05-03
2b0960de57a0faa07fe470003f4f0901ad4a8ad4,fmartelli,2016-05-03
f323bf747e1a7edcad402e547e6c0ba8e244f5f3,Colm O hEigeartaigh,2016-05-04
94b6a75ffef5c38d6868f58cf10b7928da843c87,Francesco Chicchiriccò,2016-05-04
5472a323db374e96d1949c5c5ea86431faee7af9,Francesco Chicchiriccò,2016-05-04
9e9bda9f03f2867c47ab68816d52c3fef7e325bc,fmartelli,2016-05-05
1bebcdad67bc84099da101957aae1cd978b1db8f,Francesco Chicchiriccò,2016-05-05
44346bb66485632b9858ce9e0e7defc49541a37f,fmartelli,2016-05-05
9ef167750a6889ab0168aea1af2b1a10a8deb68b,Francesco Chicchiriccò,2016-05-06
570269424a5507f4d4e2f8d7fc51f73fb555151d,Francesco Chicchiriccò,2016-05-06
cda425b517a7cd5583dc8d55f8c0de87f3874961,Francesco Chicchiriccò,2016-05-06
6d29b60d2e2dc14d4d008a5e8c93461df070172a,Francesco Chicchiriccò,2016-05-06
7d120084a8ecce85d5ae6fbce168801492434bd5,fmartelli,2016-05-06
7dc7ddae722c124194fed29c9de46bc6b7d8a993,fmartelli,2016-05-06
2144363e60f5bbbc29b6dce4bf1190c2d9868232,Francesco Chicchiriccò,2016-05-06
0b90a205be56928e080998f88a00f7bfd863c509,Francesco Chicchiriccò,2016-05-09
ca056b8196f02cec23bfb9907a340dbbf95d8583,Francesco Chicchiriccò,2016-05-09
4f44042cb609d21618e35493ef825eed38dfe880,Francesco Chicchiriccò,2016-05-09
b99b684ab0e7a8f2df9fa4442937d870d1939e59,fmartelli,2016-05-09
f8ffa6c2fecb48e5b53642dd4f7b927585b68336,Francesco Chicchiriccò,2016-05-09
a4df24e34e703bf74a2bdaa38472e7c661f6ae44,Francesco Chicchiriccò,2016-05-09
c9ec6d401a24668c76c3e4cd957bd3dc4888a29d,Francesco Chicchiriccò,2016-05-09
ce4b80fa93a6bf3af8ff8a918838df79adb9a303,fmartelli,2016-05-09
1c281801661afcbd0b204b63364598f772db5b53,fmartelli,2016-05-10
9a2660ca3f7115296e76e1d9b78d7ab04f7d03c0,Francesco Chicchiriccò,2016-05-11
34dad8da77de5a3f34d2e7a87bc0233a86004c5e,Francesco Chicchiriccò,2016-05-12
b822bd75f4205db8458be6e97aac8e8af3273d31,Francesco Chicchiriccò,2016-05-12
67fe7075bff71bca00b2fca3381bbdfe40f1cfa3,Francesco Chicchiriccò,2016-05-12
951a64a7aa83c92ed619a3b306ddf92d0968a468,Francesco Chicchiriccò,2016-05-12
fa7def88fee749962e7cf060c6e37e251a90b6dd,fmartelli,2016-05-12
af21e80106538f12c0c0ed2e2b94bf3344823f9c,Francesco Chicchiriccò,2016-05-13
ecc062ca56d9875b2869f35a9917f52295f65ea5,fmartelli,2016-05-13
5ee30a666a67eff9192c1eed37001b0924563c19,Francesco Chicchiriccò,2016-05-16
4c2269e519f61f3bae0bff346872b9a96180883a,fmartelli,2016-05-16
ae1f3e010e8a1a6b67441b35715d030190703290,fmartelli,2016-05-16
63bceebfc38ed53a07ccee4e422647d11ad83941,Francesco Chicchiriccò,2016-05-18
1be15811191905e4d360d1e2b26fd6d10138af79,Francesco Chicchiriccò,2016-05-20
c0a95664bd1f0a95d21a5e12c693f1192b3148f4,Francesco Chicchiriccò,2016-05-24
6a0a6ffb3dae2cae57679f278d965be0d65d0e30,Francesco Chicchiriccò,2016-05-24
98673c0ee44eaa1a8575ceeaa63968ff82e0e9af,Francesco Chicchiriccò,2016-05-25
01dd46f83022218ced5281d871422634c9553b9c,Francesco Chicchiriccò,2016-05-26
64c5cd9eaa52538a34cf5d8403e52bb801679bdc,Francesco Chicchiriccò,2016-05-26
0c08d0bf14dbf88d9d379ebfeed63f240789a537,Francesco Chicchiriccò,2016-05-26
d09a43146ccdd26db94609085389cfe5074baed4,Francesco Chicchiriccò,2016-05-26
7bd895148270969737496c17fb918219efbac0dd,Francesco Chicchiriccò,2016-05-26
51383dd9c7f5d33bc52baf9c309613460a7a4079,Francesco Chicchiriccò,2016-05-27
030d1c24929209e31e318cb5601be36306405207,fmartelli,2016-05-27
fa5e27ff30cc98bd5194082ef080087193a92b19,fmartelli,2016-05-27
3479e5fecc4a3c91009a862f679be146a6852833,fmartelli,2016-05-27
eb30ae0a2727dfe6e0a968b4f69f65eefbbbb5db,Francesco Chicchiriccò,2016-05-30
1c009cadee30715e83824908d59836933ec210d8,fmartelli,2016-05-30
07ca73d5c96071e3ca102beb654f7afbb702f13c,Francesco Chicchiriccò,2016-05-31
514cbf435f246f3271e3d4d2d0e8386b6c54ac5f,fmartelli,2016-05-31
c1fd63c0e2199afc81b9b3571c60232bdd98023d,Francesco Chicchiriccò,2016-06-01
a7ef4e1fad33642912a397c254f785e9e07ac9b9,Francesco Chicchiriccò,2016-06-01
d9eda7e008542b31c5403935711ca4a28fb83f4e,Francesco Chicchiriccò,2016-06-01
f31b8054effffaadfd5fa0f0881036584b0e7bdf,Francesco Chicchiriccò,2016-06-01
4e16b0224c2393e99f95996d8fb8d297b39db7a9,Francesco Chicchiriccò,2016-06-01
b9b6d961b296591b096e786a641dcf7ddfa2ce17,Francesco Chicchiriccò,2016-06-01
e2887833830dfd4bb9a915a433878d80576b94cf,Francesco Chicchiriccò,2016-06-03
b8f5a5725348a9d18b73e7c0e947c45b956fb533,Francesco Chicchiriccò,2016-06-03
c6dc3c7e3f38e1e044859e4fb65aa430dc3cbd99,Francesco Chicchiriccò,2016-06-03
33c75a8a7840ba19c579efa1e5ea29de071a7026,Francesco Chicchiriccò,2016-06-03
095bbb41e7f531c9ec69710ef04aa625f022c909,Francesco Chicchiriccò,2016-06-03
eb7abbdf70a57a7b59a3a17c86e95cd05ac2ec13,Francesco Chicchiriccò,2016-06-06
02bccb360a0320a7df1b8db8e436350f4f657c10,Francesco Chicchiriccò,2016-06-06
d36a754b1ec669938645d0299b4f997141e9e9f2,Francesco Chicchiriccò,2016-06-06
1389a93766e99f473704719b0e6c03353626fcb2,fmartelli,2016-06-06
bee58eabedf163d145b41fd44528975235a54bbc,fmartelli,2016-06-06
f4a9e2cf5ce4777a9139d6bcf4041a0c52de1f64,fmartelli,2016-06-06
787e5cacbe792ea7f5014069c7768af7922a5c7c,Francesco Chicchiriccò,2016-06-07
e53e6d99bbd1cf39dacc4c817444cf4477426bec,Francesco Chicchiriccò,2016-06-07
d067c2c31fb9e5a577c7d4d01fa75de51e0a5b3d,Francesco Chicchiriccò,2016-06-07
a5708d77c742766490aa98b921a59288fa157c3d,Francesco Chicchiriccò,2016-06-08
aaeec664079551a06d174d19bb0917f7adbccdf1,Francesco Chicchiriccò,2016-06-09
cc33c8deafff63079525f01e453dc7d22b393da3,Francesco Chicchiriccò,2016-06-10
2ff73daa024ea1ccaf20c9c6717058d85659c43f,fmartelli,2016-06-10
6401a90392ef63cf1f8c89e79d16fc858a27d26f,Francesco Chicchiriccò,2016-06-13
9d15e6f19bd0db7375a024a4d313fe3f84dac70a,Francesco Chicchiriccò,2016-06-13
339f9d5d3f996d38c08df57c5ec28135f75dda9f,Francesco Chicchiriccò,2016-06-13
befa49c32d73a10f6865d7cc13737c9d7a539d51,Francesco Chicchiriccò,2016-06-13
f5f6270ef2f437a036f36e5cd6a9e31d0515e7ab,fmartelli,2016-06-14
449cac5c7068c71a27c72fdfd8dcb269a53fa351,fmartelli,2016-06-14
47cdb82e5759d316b627366364cf322a60535932,Colm O hEigeartaigh,2016-06-14
89ae8b0fa2f905be34b4e0b881bcce4027901658,Francesco Chicchiriccò,2016-06-14
d7517772baae1da11aa2364e2f2cbd52c9514715,Francesco Chicchiriccò,2016-06-14
85dd9063d5b7ac1692c8a2dcedbdd210b435d63d,Francesco Chicchiriccò,2016-06-14
50f5a66778f7f94692e02a9e16243584817356b1,Francesco Chicchiriccò,2016-06-14
0f738186c95c51e3aa861babc34f28d0627e773a,Francesco Chicchiriccò,2016-06-14
9706adc12e046a2a29e724eda621ab5844bcf737,Francesco Chicchiriccò,2016-06-15
bcc33d296a3504595285079a195e8fe01fbd98d0,Francesco Chicchiriccò,2016-06-15
dbdd1bc219c89c4666d98b0635041c76b11993d3,Francesco Chicchiriccò,2016-06-15
36110c29838d9a1f70025d943187409bb08bf0bc,Francesco Chicchiriccò,2016-06-15
bc72d69a4a44f30199f332b211bdebc7a82b250d,fmartelli,2016-06-15
6738f09844de9274bd4abb9ec57a59e293168332,Francesco Chicchiriccò,2016-06-16
389922fed3ef8b7d58175f4a24292c1ff9300be3,Francesco Chicchiriccò,2016-06-16
5de3c430c03c78c3bda1ed994ca9203596ba9fa3,Francesco Chicchiriccò,2016-06-16
e5eed43a30ac25fda0b9c86e32364522d863c64e,Francesco Chicchiriccò,2016-06-16
b1626cf0d5b438c466ca2501b23153dc4fed6d4b,Francesco Chicchiriccò,2016-06-17
bd1f28f84b300da7f7d62b67431b9163145cf072,Francesco Chicchiriccò,2016-06-17
20681c81ce7df27bec1b8c5b9307de4062364645,Francesco Chicchiriccò,2016-06-17
57580628bc6d7f87e83a6f93c838d69b7bfd9b4d,Francesco Chicchiriccò,2016-06-17
e308d62994443d689719985a243b00712abb6760,Francesco Chicchiriccò,2016-06-17
b96771c027125a4f4d76575679a0be570f8b89c4,Matteo Di Carlo,2016-06-17
c0541f255789fde93646394e28531b8a9162db5f,Francesco Chicchiriccò,2016-06-17
9df34b024b535af48c7db879139ec9d91fab98d0,fmartelli,2016-06-17
4c053fd24a45e7a8a8b00cd5bc30d98f6d6900b8,fmartelli,2016-06-17
636a136389d8a9334fdbbbddba1e0ef83426f99d,fmartelli,2016-06-17
bb0be0902e8a81d8c8896ef4aa55e1515bfc0559,Francesco Chicchiriccò,2016-06-20
649ba7743fd5fa8921722595244585d442b7c668,Francesco Chicchiriccò,2016-06-20
75004d97a809915ca2c864adf9f652fe9f0f9729,Francesco Chicchiriccò,2016-06-20
21cbd70546b43d9b3dc07d9d1f40ed08099d33f1,Francesco Chicchiriccò,2016-06-20
25edf001de33e017844fc21920915eac7bb883ba,Francesco Chicchiriccò,2016-06-20
62f56963c84b254dca3ab7b3941d78b31245fd55,Francesco Chicchiriccò,2016-06-22
25fc5a268f24d2a1b138c25ccbe96ebe10d32fac,Francesco Chicchiriccò,2016-06-22
0e6481eb03c0e1480768d6127a102deb73b30f10,Francesco Chicchiriccò,2016-06-22
87aa699fb9c363555c40311a1fb7dcf2ddf3e8ef,Francesco Chicchiriccò,2016-06-22
f4eca837d141a15ec63a5964144afa2672140e62,Francesco Chicchiriccò,2016-06-23
ddc2f3a18034b50ea84c0349f52570bc5885eaf3,Francesco Chicchiriccò,2016-06-23
9042203d7f2c976596d271c73cf9765f17a498a0,Francesco Chicchiriccò,2016-06-23
0370ddc65b42fc163d6bc277572074bfff2a14fb,fmartelli,2016-06-23
3d7159e7b089d012e9b86c8499ae283859678c29,Francesco Chicchiriccò,2016-06-23
dfc9148c72da85daa7040b643841f57d724b7a17,Francesco Chicchiriccò,2016-06-23
b3d99e42894ace7053ef288eb5ef373a5a74a8d6,Francesco Chicchiriccò,2016-06-23
6dae3c089c51b4aa2767095ec19fed5c20bb5f49,Francesco Chicchiriccò,2016-06-23
e9d42f4ab157538001c90ab15df6416ba38f7538,fmartelli,2016-06-23
81d1b8e631ec365807ea0b0c53002475e8d344e3,Francesco Chicchiriccò,2016-06-23
72fd2cfc098b1e9c057d21e86e39af6175c0970b,Francesco Chicchiriccò,2016-06-24
1202f9c56f135c02d9d625b9b57464b50e8b1832,Francesco Chicchiriccò,2016-06-24
58869287a5114d9cc3def90b3cad13eb591a9629,Francesco Chicchiriccò,2016-06-24
10b1701499a559f6ef7f017c196c3f4d8163eb63,Francesco Chicchiriccò,2016-06-24
5ac33c0a7c386fd40ce20ccdffce21f2cf89cb2a,Francesco Chicchiriccò,2016-06-24
801239f2347ccd5fa3d7543ca03ce2edace5ae8b,Francesco Chicchiriccò,2016-06-24
e7357ac7a356d4537abe1507c38b7bb494e7908e,Francesco Chicchiriccò,2016-06-24
1f49359dff0f2d4939831af381154f16686c4b70,Francesco Chicchiriccò,2016-06-24
75a91c3ed0d599a20a55e1ade4763a4bd37eb9fe,Francesco Chicchiriccò,2016-06-24
21658a50f6668c1d0c4f2afa3190123e8091d073,Francesco Chicchiriccò,2016-06-24
6a5fa8416222ff60fb627a748fc9be9f948339e2,Francesco Chicchiriccò,2016-06-24
d06975672a24dbab3efbf43fe1a1b21f718ccfc3,Francesco Chicchiriccò,2016-06-27
629d18f2c62e72894676d9106aabea31954ca2e8,Francesco Chicchiriccò,2016-06-27
43153cc25a2da73e0ad1668938a809fac1d55d1a,Francesco Chicchiriccò,2016-06-30
835588b5fe34d65b7834884633ad13c19088f38e,Francesco Chicchiriccò,2016-06-30
0d5e730f8f5b018222bd50f0e1b0f6bf84066bdc,Francesco Chicchiriccò,2016-06-30
4f6818b103ece7f4b4f10d2fe4c10ddbff33b49e,Francesco Chicchiriccò,2016-06-30
a0fa197bc9190a1d640bc87aa1263dd4a3637cdd,Francesco Chicchiriccò,2016-06-30
6f5bd3724d7fc0d81f5eb828e923302598bdd2a6,Francesco Chicchiriccò,2016-06-30
2119e3923feabf84e2b1c939cae0d609b8cf4eac,fmartelli,2016-07-01
c525611cbf4828232ca03e801f5988f2f1305514,Francesco Chicchiriccò,2016-07-01
88bbb56f81ad35ca1bc8c742c4480eae8850581f,Francesco Chicchiriccò,2016-07-01
9932efacf755d9d0ee3abb12dc613c3dcbd01538,Francesco Chicchiriccò,2016-07-01
f8e717412fda4cde8ca8bc6fbcbccb3b50ffd041,Francesco Chicchiriccò,2016-07-01
fa1ea266e082e8e65f2d77912173c44f5d39cd49,Francesco Chicchiriccò,2016-07-01
c54adf5ce25d7a4de93a0805b639b25ba83eb34b,fmartelli,2016-07-01
8def92a4ed2a3660552816f3b93eddb8cdc799ba,Francesco Chicchiriccò,2016-07-02
0e925b6851a29a3b4198e4ed068188933f5e81ad,Francesco Chicchiriccò,2016-07-04
41efc60713c1f51e5b932a43c2d25b35e1207b39,Francesco Chicchiriccò,2016-07-04
b4bfa361cbfc45d85a1ac3d98dcce71b6c2ee6fe,Francesco Chicchiriccò,2016-07-04
5a3b09ca1912970130aa07961f7bcace3abb317c,Francesco Chicchiriccò,2016-07-04
df7613e50c2c31074463ee9236fd71ea869fa928,Francesco Chicchiriccò,2016-07-04
e74a10a25e397eecf6774ca308269cdfa1462d16,Francesco Chicchiriccò,2016-07-05
c95b6ff57a15f984640689601466d9b99c06556e,Francesco Chicchiriccò,2016-07-05
942eb2eed4e73d8e22850c8171e4d918cf963841,Francesco Chicchiriccò,2016-07-06
8cad5aad7629d36fbddb3730531392b76e57d7f4,Francesco Chicchiriccò,2016-07-06
d9eff39ed065030a4621488613693cb9bd83827f,Francesco Chicchiriccò,2016-07-06
209459d0cc6816e4d33bf18c0a8a6b808f70ce6c,Colm O hEigeartaigh,2016-07-06
ce0621c6ae7ce5ef77c69f30dcc1e6f8de5991e3,Colm O hEigeartaigh,2016-07-06
8943d287e1fa17b48795a9b96a0776bff8772a98,Francesco Chicchiriccò,2016-07-06
a9bd3ce15ab684befa28024fd25c1f10e763ff4c,Francesco Chicchiriccò,2016-07-06
0656bc07fc99d8fa9d87bf407f7641c4fa221ad8,Francesco Chicchiriccò,2016-07-06
f8212ae2b290acadbc47e5b737b057b33dda5654,Francesco Chicchiriccò,2016-07-07
54e873fe2835c8311b909f791965129b7a2d85d9,Colm O hEigeartaigh,2016-07-07
f97d4fd39b7c0e8f18cd02f5bd2cf14b8b71e242,Colm O hEigeartaigh,2016-07-07
46e642eaf3a3375f2d51f422e0f91ded5cf74e19,fmartelli,2016-07-08
e3fc2263408dff9992529d14deb3b387b66358ac,fmartelli,2016-07-08
49b4f39c8aaf35362f72dc23d1698e1d1879b8d2,fmartelli,2016-07-08
3f1206993548090a3e7c46d2a117017fa3941989,fmartelli,2016-07-08
b1f7576868c528093c8d28168bedda8ba92738f9,fmartelli,2016-07-11
5d95efacd81771a64c6d530f3403cb7b0f8d914d,fmartelli,2016-07-11
10084166e98de99adaa4038bee0da0c9155da420,Colm O hEigeartaigh,2016-07-12
14649394a351d087c4c2627bb4fa45f5fc3406dd,fmartelli,2016-07-13
2526c4564a90e439a0d9a4925eb7db9ce6f0f454,fmartelli,2016-07-13
0414964f00c29befa5dd347254707fc65c119fb7,fmartelli,2016-07-13
5badf65045cfbce375cdcf041b30e1c08da4f877,Francesco Chicchiriccò,2016-07-15
c3d8b998429b76fbad6227593378d5689737af18,Matteo Di Carlo,2016-07-15
d72296e4b44661fe839620838c5e7892977239d9,Francesco Chicchiriccò,2016-07-15
c10ea28819e0de686b9719617c647db219214c50,Francesco Chicchiriccò,2016-07-15
0016c6ac22d2c9d1604bf9325239dd1587179a51,Francesco Chicchiriccò,2016-07-18
5b4cf31e55e2fe245f18f08e2e5e085a7463a004,fmartelli,2016-07-18
03c47ef4189163bd6acf0d4f030252d0e6ac1373,Francesco Chicchiriccò,2016-07-18
8347a702b08b1c782dbaefd66b15a9914f7a4fca,Francesco Chicchiriccò,2016-07-18
31dfc1c51663ee08588dbf671a95148cee257c1a,Francesco Chicchiriccò,2016-07-18
a4c9cfbecc96ef444e58348da772a891c7afef01,Francesco Chicchiriccò,2016-07-18
c1c7cede8c464bfc29d0209350664ea9266eaec4,Francesco Chicchiriccò,2016-07-18
7a351f249d2fae38a25cf7e7a3ef4681e186279d,Francesco Chicchiriccò,2016-07-19
511b653ed11d2969e304a8f6e854844559035907,Francesco Chicchiriccò,2016-07-19
12d481a8501a5415f528aefb60ae97fad64899eb,Francesco Chicchiriccò,2016-07-20
6fee50d752f655c6fbef22ecdf24b27025e661af,Francesco Chicchiriccò,2016-07-22
b350a289b7494008d538c1f6b4938b686e51566d,Francesco Chicchiriccò,2016-07-25
aeb3aac81cd1d8a5a12f9fc74050228d380233e0,Francesco Chicchiriccò,2016-07-25
8efa3701ebb65f328d64b3fb600532b428c8d238,Francesco Chicchiriccò,2016-07-25
945be8772fef234bd28c32896c2a2a5f47c4a4de,Francesco Chicchiriccò,2016-07-26
b6e8e838c585181727648c6a969e31abfe0c1dc4,Francesco Chicchiriccò,2016-07-26
1f62e6fb91d0766a85015a99bf1269ad6eadf6f5,Francesco Chicchiriccò,2016-07-27
b6bd80bee8fc9a3bfdc8b89c265d978d93c0a4e9,Francesco Chicchiriccò,2016-07-27
1b325bb8e8ed2305a69f85adca6478aadaf30cb2,Francesco Chicchiriccò,2016-07-27
31dc4a2806628ac45d33fd8cdb39b8ebabc237e7,Colm O hEigeartaigh,2016-07-27
377ce234bcabd209245e47c706760243c1539db2,Colm O hEigeartaigh,2016-07-27
012f97bcabaf257b6a8d93c49408930e2785e6ef,Francesco Chicchiriccò,2016-07-27
6ae5020032be616fcdf44510ea0572586cff0814,Colm O hEigeartaigh,2016-07-28
d1d0c1f4b28b77726abf3c3f36db6d457400249a,Francesco Chicchiriccò,2016-07-28
7ae4aaf5c65d274367c730de8796227e732ebd5d,Francesco Chicchiriccò,2016-07-28
9c9443ab397959f9c568c069c5bb484a6341b461,Francesco Chicchiriccò,2016-07-28
550145f8ef979a69ecb2e6197fb4d3a727dcf388,Francesco Chicchiriccò,2016-07-29
891122c2f3d4ec814eff8df3154ba425ce172335,Colm O hEigeartaigh,2016-07-29
575f02b4adc0cd868f13a328e195b68146f8d8d4,Colm O hEigeartaigh,2016-07-29
924ce3e036a1481d72dd7218dfcf3b0e55e16d4a,Francesco Chicchiriccò,2016-07-30
302c90a30f49a86ac54d2400ce38d159941dca85,Francesco Chicchiriccò,2016-07-30
d9ffd1523e1b04fc4b4de4a1c27e8c2a5de79c40,Francesco Chicchiriccò,2016-08-01
c533ba9f882bb3fba6171c4a807582cbfc39d5ff,fmartelli,2016-08-01
aa5da972be00beac028e0ab0c8fb88d96fdf2c20,giacomolm,2016-08-01
51275d6192fed391dcbdc871d130b6eb2d50e0d9,giacomolm,2016-08-01
873a1b93aa00226c43ce4d427786559c3ff36fa3,giacomolm,2016-08-01
ecae3c1fbd9c8f767ae5ced11f4558a5fba36886,Francesco Chicchiriccò,2016-08-01
5c90dd82c8c79679ec2e75f12f8b056ea772704e,Francesco Chicchiriccò,2016-08-01
277c8bcb6aa13f63e39ddeca7dd4476ad09b86f9,giacomolm,2016-08-02
c633d95d160f6a3e3c2f2d13091ecaa342f85150,giacomolm,2016-08-02
33fd24368f7d6d90b3534906ac3f51e43f909af2,Francesco Chicchiriccò,2016-08-03
de3ab177f9efe093f84447a42851b1e07a69dc40,Francesco Chicchiriccò,2016-08-03
d0d69fea0e26beec600357db1439eca7519d7e46,Francesco Chicchiriccò,2016-08-03
bfd44914e9eb2283d828a205e034f7a0f5617dcf,Francesco Chicchiriccò,2016-08-03
be7dd3da804da14b3e85d9cbdd31956e1a1b27c8,Francesco Chicchiriccò,2016-08-03
343b3d400fd2457e2458c52eacd03af17c51dbac,Matteo Di Carlo,2016-08-03
acb803e0478dcf005d88fd0f67c3b9773f334520,Francesco Chicchiriccò,2016-08-03
4a6bd031d3d5f91967d13b6b6b4aa93a8e9254ee,Francesco Chicchiriccò,2016-08-04
a40d1aa313e12c91641caf8d09b60e269319292d,Francesco Chicchiriccò,2016-08-04
7bd465636f0985d1e376479d0664d0dc3ddec4f3,Francesco Chicchiriccò,2016-08-04
69df3afa3b57567af93e76d7b2c50e7a66c630a0,Francesco Chicchiriccò,2016-08-04
f2bf3ec60dc7feab018392f4058cd490734ffb61,Francesco Chicchiriccò,2016-08-04
f17d110305c1606daccf1fc3ea6f39776fec6852,Francesco Chicchiriccò,2016-08-04
ef7fc474457444f822bfb29842e7767a20356a36,Francesco Chicchiriccò,2016-08-04
0c47ba1925f55d7c2d245aae20076cba82f3e16b,Francesco Chicchiriccò,2016-08-04
0e3ad3cf67c9d5578d6a0b65b2aa7d088c656983,Francesco Chicchiriccò,2016-08-04
9cc78981f944546ee32e5968def5b0bb1e2f5241,Matteo Di Carlo,2016-08-05
315dd729a761e98ce1c3847115ba16c03b346fc4,Francesco Chicchiriccò,2016-08-05
9604886626041378511e47bbe029051018b42790,Francesco Chicchiriccò,2016-08-05
a1149b249f85b4efe83ee978c533f137299fcaca,Francesco Chicchiriccò,2016-08-05
452b016906f512e37a37423392ba9502ab2c3164,Matteo Di Carlo,2016-08-05
7e886de794776e72a465830c85e73d465585fdda,Francesco Chicchiriccò,2016-08-08
12ef6f5041e33d505e10c7f5d7b56b8c5ff3b67f,Francesco Chicchiriccò,2016-08-08
62e9636ae4abfd91df726e7628fb3adf0db3226a,Francesco Chicchiriccò,2016-08-08
729de516b9dd0c86fb1b481a37e6b11c0492abf0,Matteo Di Carlo,2016-08-08
3f279cd7b836c5d786ed21f5f400ab5d315a55f2,fmartelli,2016-08-09
6f7040e30696860bb8b12b17d5f27cdc732a701f,Francesco Chicchiriccò,2016-08-10
67bfe1ebbc21149dce7965406f2d6e6226e2a508,Francesco Chicchiriccò,2016-08-10
0910230d04aaf0ba69be675b29d5c1d2cd3390ba,fmartelli,2016-08-10
15c34e7644fb797dff42ab7e9e153d2264da9cd2,Colm O hEigeartaigh,2016-08-10
9aea42ba0b7744a822ec9ca14e6eb5ca0c142455,Francesco Chicchiriccò,2016-08-11
dae8e14a747b1501072a6cce991f954e01dc6098,Colm O hEigeartaigh,2016-08-11
a81d6121d18479c275ada58cdb2bbd8f8b8072b6,Colm O hEigeartaigh,2016-08-11
7af5e995d60f30b500f4496ea3672c67d2a51d01,Colm O hEigeartaigh,2016-08-11
f19e261cf768ddab0aa85c194cf9452852142808,Francesco Chicchiriccò,2016-08-11
85945187aaae0fa15e17e444c37e85a11cf2e388,Francesco Chicchiriccò,2016-08-12
7ce6dbce398d8be5f177e487e77f283ba64966bc,Colm O hEigeartaigh,2016-08-12
3c4bbf06901f9fce879e823d93ba5db1b0977fd9,fmartelli,2016-08-12
577d0577447c341362fcce075c492b5be4e18e3a,fmartelli,2016-08-12
660aa70adee1154ac7da46dcfa92274a0a4c3073,Francesco Chicchiriccò,2016-08-12
4545e3f26c8e8c2f0cb581de7d598f7ea6608a3b,fmartelli,2016-08-12
8471e790b14875bdf4f90a136541735f843c2044,Francesco Chicchiriccò,2016-08-16
0a3ec67734cf19f0f41fe1fc64d7dd626bf4a030,Francesco Chicchiriccò,2016-08-16
18ed21e7a8f0918f5f6cb8fea3ce3726c3e8107a,Francesco Chicchiriccò,2016-08-16
f9fe0d3b32329d1553cc43aa8d157e670f926332,Francesco Chicchiriccò,2016-08-16
9a0916ef8fcf155b2be36fc7f24c0d2d4d787fab,Francesco Chicchiriccò,2016-08-16
7a1197c676aed5afe06e7f8a90de69aedd6d787e,Francesco Chicchiriccò,2016-08-16
7b6bc61e303c1b71faffec45b7be88002f906f2e,Francesco Chicchiriccò,2016-08-16
6d09957c4f9a8d10633cf36bec87d912ab774c8b,Francesco Chicchiriccò,2016-08-16
d132b940ec11a8382715e1e3dbb99c3b58dd87ae,Francesco Chicchiriccò,2016-08-18
a164f8edfb3ea6c0c9b21b9e09c18cbe273ae552,Francesco Chicchiriccò,2016-08-18
e4e7268ae5e27b919b6904cd623a06b654f48148,Francesco Chicchiriccò,2016-08-18
607e239c890f7d60918fac6c50a6c549954640ac,Francesco Chicchiriccò,2016-08-18
04941418ad182489e0f45eb450fad8141897faed,Francesco Chicchiriccò,2016-08-19
8e7ed0daaf677982424f35d31b9659d1523a683a,Francesco Chicchiriccò,2016-08-22
5c304ad72dcd6d71a97cc73f9f3e96b1aac39d9b,Francesco Chicchiriccò,2016-08-22
f19d557f378c0669a1b0b97808699e0c7c397234,Francesco Chicchiriccò,2016-08-22
7f4fe859e4f9dfff28f50fe4f83e09814a213f24,Francesco Chicchiriccò,2016-08-22
89ef5169158a6ea3c71e3d305c4389ded3496c5a,Francesco Chicchiriccò,2016-08-23
85807bc5f8fe07f0ead635c1e1afc2b11708ef15,Francesco Chicchiriccò,2016-08-23
5b8237e0bf4043fec917bfdaf1409fc0512b7808,Francesco Chicchiriccò,2016-08-23
39f7f7ebff132173d5ca6ff6ec5e7692327524dc,Francesco Chicchiriccò,2016-08-24
dcfbf6f0efaf06f74e063f2d0007c747c50c129f,Francesco Chicchiriccò,2016-08-24
2cba1c0fc0a9818585686d023db608c89e726dfb,Francesco Chicchiriccò,2016-08-24
c4587cfdffecd88e7da3449192f47b8e457e61c5,Francesco Chicchiriccò,2016-08-24
09b250fa490ecc3be30c30377214175fc05f92ad,Francesco Chicchiriccò,2016-08-25
2c4d363c264cc1ce0d6a4301c2a1e383e5a1add8,Francesco Chicchiriccò,2016-08-25
d18bdbd582dfe17ffb5605da584aade7ddd11f7e,Francesco Chicchiriccò,2016-08-25
9c31806628af91e1539842073143d26d1a1fbf60,Francesco Chicchiriccò,2016-08-25
d9848ecd605c87da2644722d008a3b815ee06f1b,Colm O hEigeartaigh,2016-08-25
088002211e8b7dbee48e0136ab9430bb23a35d3c,Francesco Chicchiriccò,2016-08-25
270488da6c60c575f4646b0c5e9a9554d47b9b15,Francesco Chicchiriccò,2016-08-25
92e8ecc48ded246a68585aaff199e043ed05e78b,Francesco Chicchiriccò,2016-08-25
e8c93977299c714b3c4059ddd0db8df0730ba4f6,Colm O hEigeartaigh,2016-08-26
98703d1c7d46d9c04b03cd42db3fc56f96678132,Francesco Chicchiriccò,2016-08-26
88602c0bbdd9bc1aea560676225d12ca71c588d0,Francesco Chicchiriccò,2016-08-26
874efcaa10ec06c914bda961a9d448ace20a9abf,Francesco Chicchiriccò,2016-08-27
c267dd19d1e0812d4d18386b94832076e73f7a62,Francesco Chicchiriccò,2016-08-27
fdc1f56ddb2e1586a854b2414b149adbce618814,Francesco Chicchiriccò,2016-08-27
3a6ce4ac2e948416ef7340cd5e366c5b219c1d81,Francesco Chicchiriccò,2016-08-27
4090d1739a2ad267c67c6dc283daa5a46238f3a0,Francesco Chicchiriccò,2016-08-27
cfd499d3b592470288e694e2baa754253ac9defc,Francesco Chicchiriccò,2016-08-27
715820744403fcab711e1de531885f762b2a68f2,Colm O hEigeartaigh,2016-08-29
451f89bf761c39a174e1899963d433c27d5fb6ae,Matteo Di Carlo,2016-08-29
f49bb10d5c29cc5382965904111ac7b926ffafb9,Colm O hEigeartaigh,2016-08-30
8150cf84b2f34eac46ba3c193c2c138259baec23,giacomolm,2016-08-31
7bd7d0abbdfab3877386192994793e98236afecc,Francesco Chicchiriccò,2016-09-01
b0ea2f8229c70de415010bcfe1bd7817c45c9774,Francesco Chicchiriccò,2016-09-01
c9c25c669c6c689c0d4ad1fc08334fc17b1f0161,Francesco Chicchiriccò,2016-09-01
5f7da0cec22448560e84a17864160d4f6b8a9253,Francesco Chicchiriccò,2016-09-01
9a7332af592d596149ae86570b31e4d0add52ab9,fmartelli,2016-09-01
84a900e6508044161924b473d841d66fe8ce1b1a,Francesco Chicchiriccò,2016-09-01
f2843318694c41d6005c697f0edabfad22090f2b,Francesco Chicchiriccò,2016-09-01
60bf1dba4fd321670af680f506739db35120baae,Francesco Chicchiriccò,2016-09-01
9a30f42325fb204381b3ae347b0c77d28c3e3a38,Francesco Chicchiriccò,2016-09-01
a397d93a423c628fcad37d4b77959ac191a07135,Francesco Chicchiriccò,2016-09-01
41a399bd4ade76adc34ea7f55ad98ce9ebe8ff8f,Francesco Chicchiriccò,2016-09-01
4b73740acf1412ba065aa930ffe755768ebcc32f,Francesco Chicchiriccò,2016-09-01
226fcd31829820c7502240483d9a6cd1b96b1a94,Francesco Chicchiriccò,2016-09-01
c74b236a7ccab1185fe954a08f394490ada9ed93,Francesco Chicchiriccò,2016-09-01
b626dd676052feec06747f55e950082bb60a8253,Francesco Chicchiriccò,2016-09-01
57cf286b5c792f80b78415b9fa440f8d7f8fcfc0,Francesco Chicchiriccò,2016-09-01
fd28499af88eb36c9960e832682371175a037d7f,Francesco Chicchiriccò,2016-09-01
afd69bf93406fc5524dead89ac17349476f34356,Francesco Chicchiriccò,2016-09-02
07f856fd0ebde2c2f09cf95c3534488bb96ff35a,Francesco Chicchiriccò,2016-09-02
edbf477c313e626b123110dd771c46c2a81d1767,Francesco Chicchiriccò,2016-09-02
59398285d917e4f8810f26889f6daccf4b0ad0ba,Francesco Chicchiriccò,2016-09-02
03c096cf810add40888237caf1b19eb59349206d,Francesco Chicchiriccò,2016-09-02
b69e4cf5ed70d7f058a6213cfb409a705f8b74a8,fmartelli,2016-09-05
bbc7e1d63d9b50daa477ecba215ab19ae6bf53dc,Francesco Chicchiriccò,2016-09-05
fa0c6248979555082b4eb624f426fcba6baabba3,Francesco Chicchiriccò,2016-09-05
625cec545f7f7b21562bc3401d82cf39e0e6617b,Francesco Chicchiriccò,2016-09-05
64a649395292d7db91faae869ac6fa8554652799,Francesco Chicchiriccò,2016-09-05
a99618d944d27e22b6ee57fd41807613aee0563e,Francesco Chicchiriccò,2016-09-05
2191c595f5a7a42e26e7658c80d959f0cb9af330,Francesco Chicchiriccò,2016-09-05
f17be3cf91d484595a632d01761a62b1b1d29b34,Francesco Chicchiriccò,2016-09-05
7e66e3d5abd7709c04d1abde3af119159f3de961,Colm O hEigeartaigh,2016-09-05
a634f7c75a53bf341e6479db44a01927dd1bafdb,Francesco Chicchiriccò,2016-09-05
35e35661e594900a66a83e8e47e5b010fe26b8a1,Francesco Chicchiriccò,2016-09-05
1ff8cc44e761b330868ce3f4f33fa6920e5500f2,Francesco Chicchiriccò,2016-09-05
ed0c0cf098849855df781dd57a7b1823cd51273f,Francesco Chicchiriccò,2016-09-05
81f2e00c857758b1da8bc12459358c1c25642ffa,Francesco Chicchiriccò,2016-09-05
a751ff34bcb7930d6fd2efc82b31531ef627fc33,Francesco Chicchiriccò,2016-09-06
b1189529c55ebe2c39df18a1eec22a8e1927b90e,Francesco Chicchiriccò,2016-09-06
b6e1de43c4cfd561189b42cdeef047ac969eed0f,Francesco Chicchiriccò,2016-09-06
20aa1d77c007b0bc2d7927c12855088dcc7affe6,Francesco Chicchiriccò,2016-09-06
aa90d840817101847626fed6e1388779d51d631a,Colm O hEigeartaigh,2016-09-06
de5e9f1aff72eb8d7a14642c392c32c1351e1254,Matteo Di Carlo,2016-09-07
ac5be5889c26e41f39dc8d660bdd6b4813ead47d,Matteo Di Carlo,2016-09-07
ef5784b1ede2fd33de430cf2764cc669f79106d9,Matteo Di Carlo,2016-09-07
bbee3af7676bf566554bfb429191002890d1b577,fmartelli,2016-09-07
f038a677f5c482f739851d7323fb052a92492ae6,Francesco Chicchiriccò,2016-09-07
1e5f620cfe8249f779ae51add8a8fcc35931dd7a,Matteo Di Carlo,2016-09-07
4715ef1ea909a932b3cf3d4874404480e8bdc889,Matteo Di Carlo,2016-09-07
7a7d415cdb8df78f78ee4fcd73b0d5b392022d86,Francesco Chicchiriccò,2016-09-07
0d97f451542c42665a10c8e5ec2a07212d3163e8,Matteo Di Carlo,2016-09-07
a29cc80615e8f066232c5cdf43dc5d25be8487c6,Colm O hEigeartaigh,2016-09-07
1839d60953c1c514c3cc58f9299909dd80284e7f,Francesco Chicchiriccò,2016-09-07
8c90e12db83b1cf59f3e0099a73a670767b085f7,Francesco Chicchiriccò,2016-09-07
f6ba895c233d256674074bed3a727cad579c25f9,fmartelli,2016-09-07
a9c4d58380f1d4ef0f98fd00c388f31c51a34135,Francesco Chicchiriccò,2016-09-08
e83cac047a28a4eea6b934e73dbc9fa207770244,Francesco Chicchiriccò,2016-09-08
10ed646583e9545c80a13590875e4d9e77d32082,Colm O hEigeartaigh,2016-09-08
e4f1f02375e55c48d48aec2e66689885a1c482ef,Francesco Chicchiriccò,2016-09-08
14246792934da9a365a82643c46c359cc805c0bb,fmartelli,2016-09-08
35ae16a9cd8d1bb890a274e9190bfc66cec81105,Francesco Chicchiriccò,2016-09-08
85852fa1ecf220575693eaccb522a38485a0818b,Colm O hEigeartaigh,2016-09-08
bf30afea7d44b5870eec291407f6d023f2340b16,Francesco Chicchiriccò,2016-09-09
d1845467d80b39b4feab22d00664c597e8b90852,Francesco Chicchiriccò,2016-09-09
0a460b6385af9acaf262609d239567e8f206e466,Francesco Chicchiriccò,2016-09-09
fd3f3c245a4f05c23f5712179826a2bbac4b6006,Francesco Chicchiriccò,2016-09-09
cb6926d3af623fc0d70a66032b9564d4e2f97fc3,Francesco Chicchiriccò,2016-09-09
172471cab6aec0245ff376c8f39aa780a57ec94e,Francesco Chicchiriccò,2016-09-09
1296d765495c34ff95454196185c97f49578585f,Francesco Chicchiriccò,2016-09-09
8182d8c7442d0277f2a36a95c6363c9e045ff23a,Francesco Chicchiriccò,2016-09-09
acad42b151e70c0c6cb76aa2f28fcd2de7d3c223,Francesco Chicchiriccò,2016-09-09
27286a253f8508f343d02f782e576cacf8862c47,Francesco Chicchiriccò,2016-09-09
f7e3c2c2ed7647e662a06016b7d5b1a5b506e9cc,Francesco Chicchiriccò,2016-09-09
973afc777d2f8093785875c62e808d97334fb2e3,Francesco Chicchiriccò,2016-09-09
395050f564e93cabbe0eeb6088df5b1662f36b6d,Francesco Chicchiriccò,2016-09-09
66980d53a01d4afb2dfa9db991548f66b5b57510,Francesco Chicchiriccò,2016-09-09
d28d186a75fb4a3294a97bb05e54c50eb815980d,Francesco Chicchiriccò,2016-09-09
07ff284d7aba66b9adca5d9db7c0214a6cb82b0c,Francesco Chicchiriccò,2016-09-09
144da88e87987c70f6ee52b24b31ba92eee1898c,Francesco Chicchiriccò,2016-09-12
8c192fc74d6f9c9ac2909b951815d06e8138cfa2,Francesco Chicchiriccò,2016-09-12
4f058c357be27d9a256a4d1b7e75fcd387f14913,Francesco Chicchiriccò,2016-09-12
a58121a210373e3709dd9278203f68c2d5671f18,Francesco Chicchiriccò,2016-09-12
2565ab7e3dd1ee1f21e3555ef75aa405bfd6507c,Francesco Chicchiriccò,2016-09-13
c62b6dea32ebc40f367c9f3661501efb6cbb06e8,Francesco Chicchiriccò,2016-09-13
fa071d912a82580cc391bafb28f2b9669be73554,Francesco Chicchiriccò,2016-09-13
e10d96b331ca25b03781dce7fd68ce5e19035ec2,Francesco Chicchiriccò,2016-09-13
7fb3434bc4c047f9c92ad7c0fcb8cf2d8625ad9c,Francesco Chicchiriccò,2016-09-13
1c1db2405b431e4782b15195dee83732754f64e8,fmartelli,2016-09-16
fc7ddd9bcb271fee036129173028a42840af6125,Francesco Chicchiriccò,2016-09-19
e78530485fc06ca9cdb3d962ff0dd649597b656a,Francesco Chicchiriccò,2016-09-19
228bf3ed54cfd1ebff45bf0433e08bd84e3197b5,fmartelli,2016-09-19
84cb7fb4f449c4bd76580273eaa6eca2e3ad70f4,Francesco Chicchiriccò,2016-09-20
5fc50645cee69b585e3916c0d2ec93ed772724d9,Francesco Chicchiriccò,2016-09-20
439e03e0d8069b9cfb1394ceaba27c114061e9aa,Francesco Chicchiriccò,2016-09-22
ed567b621e3fa2fe94295e4687279e5d785e90f8,Francesco Chicchiriccò,2016-09-22
d438d96a289adafc019f2dee43183688934a66fd,Francesco Chicchiriccò,2016-09-22
c4339686a93422f3954a2b0718485c6ec05577aa,Francesco Chicchiriccò,2016-09-22
a9aafe2dcb3d66465253e87b1676488a67defe4a,Francesco Chicchiriccò,2016-09-22
4a079a639d9e0196cbfa256385fa765288159a2d,Francesco Chicchiriccò,2016-09-23
a247cc51f7f4964d04dfd61d4042967e2ec99ee3,Francesco Chicchiriccò,2016-09-23
243df5bdba62298f720085c24d272465917b4c8c,Francesco Chicchiriccò,2016-09-23
02a4685a100e7bf9952ad5c3e83c51f85bd5dc6c,Francesco Chicchiriccò,2016-09-23
e821d5fd4d83f81bb5912e9b52bf90eb815f69ad,Matteo Di Carlo,2016-09-23
8e7db68e141b276e0ad5b41be113cea5b66452e4,Matteo Di Carlo,2016-09-23
f8c0d716220eb01b08f56c3277bc60f34b51f9a2,Matteo Di Carlo,2016-09-27
4371ae7874de87781ef180df9c310e38c95a46db,Francesco Chicchiriccò,2016-09-27
60a2535ad19fc67c626a684dfd832b183abb3d70,Francesco Chicchiriccò,2016-09-29
bf1b6270e2114c3cf0f82240dcbc8d28747de1a1,Francesco Chicchiriccò,2016-09-29
55b9e83d76d6f8c576a235aeb6f1e3d634656bcf,Francesco Chicchiriccò,2016-09-29
8f59258cc3b740ae4c67d4840916958e4de351a6,Francesco Chicchiriccò,2016-09-29
7b9f9758fa4e2ece4d3cd4be6bc18dde684a91a4,Francesco Chicchiriccò,2016-09-30
74d8abec6c245fc1ed763f190886cd76c2b6b52f,Francesco Chicchiriccò,2016-09-30
b85e14b857b3c0a640073bcbcd23d692b5ae5e53,Francesco Chicchiriccò,2016-09-30
8d55cbe430f2a272f6838bd1a1a7edfad87e3ab2,Matteo Di Carlo,2016-10-03
cca8951728520dfbcf6d3992f12443a939eda9c5,Francesco Chicchiriccò,2016-10-03
b244c6144dd73d26b89e50461f0785d2040df214,Francesco Chicchiriccò,2016-10-03
ba07ea78a933b7c316511b1512b534730405a468,Francesco Chicchiriccò,2016-10-03
f685880073618e31ef3cf99d17dd6b2bdc1133d1,Francesco Chicchiriccò,2016-10-03
9748b2849d7eea0e99a83c09491ce6872a818136,Francesco Chicchiriccò,2016-10-03
60803a59616fca0adb034ef0a6d0bbd50bdf2459,Francesco Chicchiriccò,2016-10-03
a42c408026e2e4feb6be55f316054ea9b09c60b2,Francesco Chicchiriccò,2016-10-03
b9caa5ff78aa8186299c99b43f39f8f780e6649f,Francesco Chicchiriccò,2016-10-03
770f57d236ab4c9495bf35df1ea1cd63549c8f06,Francesco Chicchiriccò,2016-10-04
a6ad0608dd72e917ade89f0cfb3138850f3c844c,Francesco Chicchiriccò,2016-10-05
0e621242be705bb048a14bcb96740564a6a7461f,Matteo Di Carlo,2016-10-05
e6eb802e77a76299603de2a910e37031c4982c3c,Francesco Chicchiriccò,2016-10-06
336fe415c1e78f42da77bb6eb1cf3b362c6d8cae,Francesco Chicchiriccò,2016-10-06
291c6d31e18956b6ccb4ca24e6b389490ae71475,Francesco Chicchiriccò,2016-10-06
3b7b139654a29ae9086388b4ce5250d40cb5cd32,Francesco Chicchiriccò,2016-10-07
bbfd6ea48a9795cae2933f4ef906ced4ccb8ce49,Francesco Chicchiriccò,2016-10-07
ce81f693bda8f9f932b30ab6b46ab0c24f9cc81d,Francesco Chicchiriccò,2016-10-07
e2a17b0f9bb4f7873064921fbc7c92e8ae1d27e9,Matteo Di Carlo,2016-10-07
bf87c856d4d829b7b2141c8116eab1af2f06fee2,Francesco Chicchiriccò,2016-10-07
7006d43de2dc35aa8c63e463163b14e77ade60c8,Francesco Chicchiriccò,2016-10-07
06b56b6e4e653c6ea9f723136192df5176d0599e,Francesco Chicchiriccò,2016-10-10
6bb7095e0f9fdf72c7ac37c8ba99c970705fd2d4,Francesco Chicchiriccò,2016-10-10
6de1c1be705a6c7dcc8964e326a850a1ac55b561,Francesco Chicchiriccò,2016-10-12
60a043380448578a692a1e34cc11fdd30b92ba96,Francesco Chicchiriccò,2016-10-12
19adae0a4b8f738deb4d0074d6ca829ece4a6103,Francesco Chicchiriccò,2016-10-12
1d8b5081f75df65bfb1e1618412a28a0d3ece1fa,Francesco Chicchiriccò,2016-10-12
d7199f2c728ae8ca5645c5e922f465d2ca8f1dc2,Matteo Di Carlo,2016-10-13
9efee2d8962d2de664a696356d4ad57522da2709,Francesco Chicchiriccò,2016-10-13
adfdaa00052ec66ff177f812625656639eccf929,Francesco Chicchiriccò,2016-10-13
94cb160764ea367bdcfb7f06b5e0cebf0b4673a5,Matteo Di Carlo,2016-10-13
58378e13f03e932da744a30959152c47c771154f,Matteo Di Carlo,2016-10-13
303609324796e861344d8b2908cc7771b5d5a902,Francesco Chicchiriccò,2016-10-13
de0beb5482ed531b663eadf7a93243e86fb1302b,Francesco Chicchiriccò,2016-10-14
2b7cfed6890a0a3bfd7f417b0d9e9ff4befd1362,Francesco Chicchiriccò,2016-10-17
7bd5b181777efeb078c9685f56ebddab7b480329,Francesco Chicchiriccò,2016-10-19
099da6a9b4e6fc2b789f75997ee149feeeb25d84,Francesco Chicchiriccò,2016-10-20
7ee3f7ebe475eba4a4783eaaa016fe5f91bc7412,Francesco Chicchiriccò,2016-10-25
52cd67f807f77aecab63194a7fa5ba1443a8569e,Francesco Chicchiriccò,2016-10-25
220661554c2c1555a570b19c63b4ac3ce759f11c,fmartelli,2016-10-28
2d2afac918a8e68eca6c514a70d3832ebbd52571,fmartelli,2016-10-28
5904070b28cb97656f74f9585ff6332fc0a752f6,Francesco Chicchiriccò,2016-10-31
08222f63d7f39bd2797b69807c6412404652abfd,Francesco Chicchiriccò,2016-11-02
bbde17fe66f79f0eda4d67d97da1668c230a7799,Francesco Chicchiriccò,2016-11-02
850dcf8a40c039e47c1b2a1a38bb7eb507642f4f,Francesco Chicchiriccò,2016-11-04
98d7ebc0bd8a2b2de0130e6ce48a27ceabd74dcc,Francesco Chicchiriccò,2016-11-07
3f7d7b2cd5281614f7ffba84d193de6367f84ecb,Francesco Chicchiriccò,2016-11-07
e26ab687ba032509f7e76a5e7d93ca4aa31f4ea5,Francesco Chicchiriccò,2016-11-07
758062d7a80c5d30a021cff6cb1e05276fdaaaa8,Francesco Chicchiriccò,2016-11-07
c41c16cb86a1695967e9ad7766e4a7e69b8d576d,Francesco Chicchiriccò,2016-11-08
31699b0c3d81a7fff781be8ed2deb72f22e8125c,Marco Di Sabatino Di Diodoro,2016-11-09
e2b69a0410d4b077f2ac28fce3b309b46075d5e0,Francesco Chicchiriccò,2016-11-10
f9a232e9b806b498fd3d706be806fede690553a4,Francesco Chicchiriccò,2016-11-10
047c00d4b7f2b63245fbbf03080f719b9af3a44e,Francesco Chicchiriccò,2016-11-10
5ee89c6fb454c2ace7aad49fbc72c40f1abaca86,Francesco Chicchiriccò,2016-11-15
572229699c6ce415d98237f4856784be2d799440,Francesco Chicchiriccò,2016-11-15
8c0b2004e709bb6df86e8d71830a626b6d524701,Francesco Chicchiriccò,2016-11-15
93ee7f0c0018c06ee2ea16715d31124c17e47883,Francesco Chicchiriccò,2016-11-15
d675e1b6daee9bb7c8f4b5a38bb723fc0a0cb993,Francesco Chicchiriccò,2016-11-15
86b836b2a5502f0b9277354c3b1f4b4449c05632,Matteo Di Carlo,2016-11-17
6a59c3311e8b160e6ea9851c65def972a76e730e,Matteo Di Carlo,2016-11-18
31cb31dd050aa01124c3b7be48486d196e521f66,Francesco Chicchiriccò,2016-11-18
17b8f77ed908eab3b2335b6ce456358d4299de27,Francesco Chicchiriccò,2016-11-18
01ced06b0ececb52e6d4ad1739a01860ef12a1c4,Francesco Chicchiriccò,2016-11-21
08443b3f104604e777d75c9dd182af6d5e572396,Francesco Chicchiriccò,2016-11-21
242050488c1172b65f614ac215ee91514ac88308,Francesco Chicchiriccò,2016-11-21
7d5ec81e1fb09c703e809a61c0b75faf939bed32,Matteo Di Carlo,2016-11-22
f0a12dac8084ac44e8b134bfb3b405d21d595994,Francesco Chicchiriccò,2016-11-22
d490b45c194f621ce2faf66f1f03b8f89a97fae5,Francesco Chicchiriccò,2016-11-23
70703b6961e3c46d3fda40808fc92f037a5979c1,Francesco Chicchiriccò,2016-11-23
6ac3a586458b95398febb4f8855442d9e9a54920,Francesco Chicchiriccò,2016-11-24
fba91e145593bd8ac44af74dd5fa2820ea509a8e,Francesco Chicchiriccò,2016-11-25
d4b49cd95f6caf2710fd54dfba475795b0924311,Francesco Chicchiriccò,2016-11-26
8fafe9a8ffd64d204e37d8205da54857f406a4bd,Francesco Chicchiriccò,2016-11-27
16b3f89a6dec0831f9098a62b9a033f749dcb401,Francesco Chicchiriccò,2016-11-28
5e98a4382634d0323458d51d0562b69e0615edc9,Matteo Di Carlo,2016-11-28
13c18df35a38033ac43c4e42fd41496745132db3,Francesco Chicchiriccò,2016-11-29
e7e8e92da2ac89cc7ee698cc589e28dfb1c06de3,Matteo Di Carlo,2016-11-30
9722c921827d034c63ed4a4ab42adbf76a1720fd,Francesco Chicchiriccò,2016-12-01
5af8e4a4eed8e4bc0113d59641ef19aadf502ca0,Francesco Chicchiriccò,2016-12-01
db06951074ce82882bdc6bab9829f8bc60de221f,Matteo Di Carlo,2016-12-02
8a78765eef0591af901746f0770ac73a3df6e89e,Francesco Chicchiriccò,2016-12-05
5cab8afc94a1520accfcbeac30ab7da4a3dcc1ab,Colm O hEigeartaigh,2016-12-07
f1d294d6fe23b03ade5f59f9d1b94959c518cb86,Francesco Chicchiriccò,2016-12-07
9b5121d0866f37bce16fc0802b1202e2380acbc0,Colm O hEigeartaigh,2016-12-08
18e67bbd2a58653ca6177436b9bcff49355bd94d,Francesco Chicchiriccò,2016-12-09
380386ee8e4050db6485121bc440214fe9436319,Colm O hEigeartaigh,2016-12-09
eb36682a6fe0272157c0e95eedf10b958eca17b1,Francesco Chicchiriccò,2016-12-09
b73d931181bef8abeced12e1e7a8808be1184dcc,Francesco Chicchiriccò,2016-12-09
a221f8dd71b89629a576ef04f29c71de17fc85e7,Francesco Chicchiriccò,2016-12-12
367bf616046d9a31bb32529653560926832dbf1d,Colm O hEigeartaigh,2016-12-12
e9fa33703e97f738db468380eff8dd8f43d29c67,Colm O hEigeartaigh,2016-12-12
06fef3620a08a371fd590bf74a5410a9dd98f478,Colm O hEigeartaigh,2016-12-13
2a161fda65312ef288b730a5950432a4bb78d09d,Francesco Chicchiriccò,2016-12-13
4550afd81be9f441207add0e76167434c2c272a3,Francesco Chicchiriccò,2016-12-13
40b417883ac863854fedd9cc4b45c93c4ec93f75,Francesco Chicchiriccò,2016-12-13
ad4546ee23db9f224aca15e765d0414174bf2d7c,Colm O hEigeartaigh,2016-12-14
504e88a713d756b24c2e6bdfc82e306796dc4b5a,Francesco Chicchiriccò,2016-12-14
ef009650a86df05b239149043bb81bbdc97eed9e,Francesco Chicchiriccò,2016-12-16
0a2e9a94f8ae907b7d3ceb79b4b6732273388345,Francesco Chicchiriccò,2016-12-16
de9ac6f88d1f85b53b62b45360ab7c5776e34955,Francesco Chicchiriccò,2016-12-16
4a6891539186c0661e361297afcd10743635bf65,Francesco Chicchiriccò,2016-12-19
18ac4512cbda7a1b58a185fc866887ff753d7932,Francesco Chicchiriccò,2016-12-20
941dc06a30e14122bd4552de0c600d273a6592b5,Francesco Chicchiriccò,2016-12-22
460ce0b4d690ceeea7166e07aba419ad8a72efd6,Francesco Chicchiriccò,2016-12-27
b683f9529ed6cdd06801539797c180c254e48ff3,Francesco Chicchiriccò,2016-12-27
70ea5e281260be63b1f0597834236b95eff49757,Francesco Chicchiriccò,2016-12-27
98d9848b0191e03f23f8927f72a982b9340841dc,Francesco Chicchiriccò,2016-12-27
a6275caabb483a199cea6cf54ca27ee34b15a9bb,Francesco Chicchiriccò,2016-12-27
aef68d91f48ec1c204b52df199cc21fcc9f9aa8f,Francesco Chicchiriccò,2016-12-27
61f35589be1257b5eabca886533920674acbc7e7,Marco Di Sabatino Di Diodoro,2016-12-27
1c9e906018dc51ac80d02de90fc683772b9ab0e6,Francesco Chicchiriccò,2016-12-28
0aba812830b9b29314e4221fe4a5cc0f3c997be4,Francesco Chicchiriccò,2016-12-29
c47be3b59cf9778012fab5863c2d0c54eb46d19b,Francesco Chicchiriccò,2016-12-29
f3d6a90889cece63a74a8844184a85c136231525,Francesco Chicchiriccò,2016-12-29
b1edb7671021cbbf5c8f46d7a8aee8c8f30e6e46,Francesco Chicchiriccò,2016-12-29
c615370e1351e5c07da87d8dfe510ff4e1fb8609,Francesco Chicchiriccò,2016-12-29
5b00c8c8cd59df96ac34f3a7495b9b396891a1cc,Francesco Chicchiriccò,2016-12-30
6e9fbc4e90603b0620cad0e71827ecf1697871c8,Francesco Chicchiriccò,2016-12-30
69a2e6c595067264da66d7992d00e0b8d41c0bc3,Matteo Di Carlo,2016-12-30
8d53c44d0befb750796d4a181abb93e412a85a01,Matteo Di Carlo,2016-12-30
31fe2a6033456b6d63a1773c5002daf14888b895,Matteo Di Carlo,2016-12-30
3d392292945479958ceb9cef95af21dc8907e463,Francesco Chicchiriccò,2016-12-30
e954ff7dc38a834770147c92d3befc95d78c2d92,Francesco Chicchiriccò,2016-12-30
4ccc1c404c4492084fecd3fe03e46feb8c56ec8e,Francesco Chicchiriccò,2016-12-30
4221405325011af89d8d7ec0cbe6c569570d38db,Francesco Chicchiriccò,2017-01-02
1ab7a5148c38e00ec69f585729d8fd4b6a278b60,Francesco Chicchiriccò,2017-01-03
c25e1da07a41a91f579c1fa2a2f69ea177a01d2c,Francesco Chicchiriccò,2017-01-03
3684437eb97c46b6e9bacc7fd664321170d28420,Francesco Chicchiriccò,2017-01-03
f4c717e7d61e20cd205741dea1aad2c920362822,Francesco Chicchiriccò,2017-01-05
efd2051d0d1e3b991fe9d665c251aee939788dda,Francesco Chicchiriccò,2017-01-06
f0edfdc6edbf5ae807f7db5b4fe5210d259a9895,Francesco Chicchiriccò,2017-01-07
c26d870f1366a8c70ad7248df4affa0d53d02f03,Francesco Chicchiriccò,2017-01-09
741b49ff48dcd10ff4ea161d548d45c369f33818,Francesco Chicchiriccò,2017-01-09
bbbd945f8a8bd9c9474c8d423ab7f6120697431d,Francesco Chicchiriccò,2017-01-09
c622009090b49336b2c4da4bbf6720163bbf5198,Francesco Chicchiriccò,2017-01-10
e44e5534009b8da9f7bda899b16a11340cff8293,Francesco Chicchiriccò,2017-01-10
2b71dab8f56bbf62ff4bdb5750de1bde0c6e9fab,Francesco Chicchiriccò,2017-01-10
cbe4b703d251f639f9d2790732d781c39510cc52,Francesco Chicchiriccò,2017-01-10
7f97efdb2d390f0463c1c8a855295e2e01d6f1e9,giacomolm,2017-01-11
81111760c614d967f23e04beede913a524b972ed,Francesco Chicchiriccò,2017-01-11
3117b89d77cf51337c24fd22bbb24c669d750110,Francesco Chicchiriccò,2017-01-12
022d2c5f7470c757efbe8fbb4b875f3edcbc953c,Matteo Di Carlo,2017-01-12
909ed6f56b0770bcd6d6b258c631c7f3ff573a55,Francesco Chicchiriccò,2017-01-12
b30099b68ca105d097c261651b1a255de184556e,Francesco Chicchiriccò,2017-01-13
9f7e0ac15813fb50f34992bc413729c8943cd6e5,Matteo Di Carlo,2017-01-13
9c15f643a4f38cd86b6a4852896721d9d72ed824,Matteo Di Carlo,2017-01-13
4bc487028679f836f4da57d3f019e9d942abb440,Francesco Chicchiriccò,2017-01-14
c12a546007c48616a304c110fbd25d9ff0527118,Matteo Di Carlo,2017-01-16
5c02239d830b4b00e2f09e8e3e258d922b60059f,Francesco Chicchiriccò,2017-01-17
fd998a2fc8abf5c013b12e9314fde198c1722d03,Francesco Chicchiriccò,2017-01-17
6b6b81ebd8fdb26525ee1b2359c0079498f00ef7,Francesco Chicchiriccò,2017-01-18
aea6dc8b148b56f3682b2cffeb2f607c42edf9f4,Francesco Chicchiriccò,2017-01-18
2db3570d215ed8968579319b43727ceff3883100,Francesco Chicchiriccò,2017-01-19
7525dc125ddde2565ff9fe41f3af4e92651a4b01,Francesco Chicchiriccò,2017-01-20
f11b63cf9498d6259c7d8f58d54389cf2fa18edc,Matteo Di Carlo,2017-01-20
ef65d83cf867044f0b859e8691728cefcd3f651f,Matteo Di Carlo,2017-01-20
e2567e459bc0eeb8065f0f2fcdcbd17ad4dcb0c3,Francesco Chicchiriccò,2017-01-20
58520329104ba3ae93a34b879c9a8d60edb8e7a7,Francesco Chicchiriccò,2017-01-23
7899b4d9cced869450c0c69e85249b7710e718c5,Francesco Chicchiriccò,2017-01-23
b5391ee71491f70202c92b0b6a973ef4dc8caf03,Francesco Chicchiriccò,2017-01-23
2a865bd5b40ab4ea4e38459d9b02398f06e27bd2,Marco Di Sabatino Di Diodoro,2017-01-23
2b0a38dc2b80a0cfcf904a3912186641dcadc375,Francesco Chicchiriccò,2017-01-24
319fff45d0197e5d139180c9ddde675ce7bd9882,Francesco Chicchiriccò,2017-01-24
b709acfafe6228a63fef698f0f8f9fa237afec7b,Francesco Chicchiriccò,2017-01-24
00ac28317ada7afdcad78a1635ce3d65cc6be387,Matteo Di Carlo,2017-01-24
5bb61d482997e45be7560f117ffba0bb21c3a5d3,Marco Di Sabatino Di Diodoro,2017-01-24
0992d8c1632a9ecee4a4df3899cceeeb7597655d,Francesco Chicchiriccò,2017-01-25
b44d4c4d688ab854ab7ee60573bfee1931e357ac,Francesco Chicchiriccò,2017-01-25
c864bfb8d9d609eb0bcff1789ece6d2db2ebe29c,Francesco Chicchiriccò,2017-01-25
3fe7dc3edfe83d37981ae0c12286520c695882df,Francesco Chicchiriccò,2017-01-25
927bb340a915c9468bfa8fcb2c685f41ca33a790,Francesco Chicchiriccò,2017-01-25
e06281c09a294275ead6dbd3a0c3775094df860c,Francesco Chicchiriccò,2017-01-25
548f9a981e1c074f319be9f1361bc855b9616909,Francesco Chicchiriccò,2017-01-26
f4625690c7dc74eadcfdbc8eaf37363edc1073b4,Francesco Chicchiriccò,2017-01-27
ed8e6c57347f7204a92037b352b8cf8c2e269872,Francesco Chicchiriccò,2017-01-27
2bedca33c0bc80828e4c5bee70f33501061b23b9,Francesco Chicchiriccò,2017-01-27
8004d7e9cce0ce80536aee173c8806e8454fcd67,Francesco Chicchiriccò,2017-01-30
221d6f8667390bbd2426041c566c7aa2b95bfab7,Marco Di Sabatino Di Diodoro,2017-01-31
b812f8db149ca6846f03ecdb064087a28573b2dd,Francesco Chicchiriccò,2017-01-31
07b12385b9f6875f5d29c962a6088baf2c9a6f4f,Francesco Chicchiriccò,2017-01-31
8df515ecf485aa342b5b3098a78e23ea8a2c18f3,Francesco Chicchiriccò,2017-01-31
d80e02334de47b7b1c9bb738f1f66b70d2826780,Francesco Chicchiriccò,2017-01-31
c691d9573ac69a301f4575d37834ddc12ef3124b,Andrea Patricelli,2017-02-02
c7f6533941b10a18080b7f3b9cbba34819a1ce7a,Francesco Chicchiriccò,2017-02-03
e9366d753ab2ee110029d86f4f1500c0a1a401cd,Francesco Chicchiriccò,2017-02-03
deac686f90acd387486824d0402bebdf72defd00,fmartelli,2017-02-03
0201eb18127a2a0216f1a55386354a3906138c0c,Francesco Chicchiriccò,2017-02-04
3f2fe59e319ffb7f4afaa73cd18c55a4e27a07b9,Francesco Chicchiriccò,2017-02-10
770e31960c4aab0b984012e0b7f756ad2ca0db6a,Colm O hEigeartaigh,2017-02-10
c02ed90d89e5679977879e815ee40df595f0f89d,Francesco Chicchiriccò,2017-02-11
f3795a8d55b2dea57a5fd0e67f7d08de0fb9828c,Francesco Chicchiriccò,2017-02-12
b766580a60bc548800e85506ef2658bb48c3b460,Francesco Chicchiriccò,2017-02-12
93cbe3fb003f938ba8fd6227cf780b8ae593422f,Francesco Chicchiriccò,2017-02-12
f4ffc3b568792da1d91f4ebb66be78a0066b4bda,Francesco Chicchiriccò,2017-02-12
6a46d3a3f350a630a1d664bdb117304c6d249db3,Francesco Chicchiriccò,2017-02-12
560000847f8eb31b2964c32cf83224df5d9188ea,Francesco Chicchiriccò,2017-02-12
9ad62a3447449c5d3a735bbb5154d2ed7347e689,Francesco Chicchiriccò,2017-02-12
3712f1c3bae3b25be8d35b9540f300da5babd2ca,Colm O hEigeartaigh,2017-02-14
e96d8abb0b9857f33c58b3cc0c9654fab58d31b2,Francesco Chicchiriccò,2017-02-15
8c9635805a72540541eb960cbd799e1a8b1a90eb,Francesco Chicchiriccò,2017-02-15
b3939f23727bfce15b409988269feb1c20e71f9f,Francesco Chicchiriccò,2017-02-15
6bbd4cf550db513842ee6730dbb82c7602ab90f0,Francesco Chicchiriccò,2017-02-15
223f29a9547eac2c615bc4f18120ebc0cad0bd0d,Francesco Chicchiriccò,2017-02-15
1aa18f522fd79f2b54a23a2d59938dc4b9dc047d,Francesco Chicchiriccò,2017-02-15
f6a919929697a85292a52a3896387cd1c6f97a16,Francesco Chicchiriccò,2017-02-16
ffc490175cb789d6f6d78341f5078e8942bfca04,Francesco Chicchiriccò,2017-02-16
716c3bd07c8d645d62481daad39fe2c477c3d5d3,Francesco Chicchiriccò,2017-02-21
0d090c7b74d1d399f8c488790aad2826bb0a2558,Francesco Chicchiriccò,2017-02-22
e4947c909e4cf18713653a4e4977489331c5fb45,Francesco Chicchiriccò,2017-02-22
72f10badef6c1fa4fcfef2a6b9d698d99ffe763b,Francesco Chicchiriccò,2017-02-22
2a9d9b105c8f99c8f3a6abe2a500ef972e0406f7,Francesco Chicchiriccò,2017-02-23
32824d48c56affa6cd8863ad578ed907f6c55572,Francesco Chicchiriccò,2017-02-23
2fb13a27fbd2c716c583458ca19168820022bdb8,Francesco Chicchiriccò,2017-02-23
2d4aee40f67069f0ef6254dcb98dea0fd2d22074,Francesco Chicchiriccò,2017-02-24
b193aec33242410bccb668ae54d5029c62c03285,Francesco Chicchiriccò,2017-02-27
d0dc9b35f8e901c692c6df8b3016fd2384d94d62,fmartelli,2017-02-27
c73f95a0ab7da1e259eeba8b3d073fa38cb01474,fmartelli,2017-02-27
2fbe7fb200aae36f5a1d1935ece0b3921018377b,fmartelli,2017-02-27
6d81b69ac52a5a7773f600e5168f32ffb0dde79c,fmartelli,2017-02-27
edb10d9af983f1f3db485ec0d9d31e96452faeba,Francesco Chicchiriccò,2017-02-27
f46891466bc516551b62e284108af357012b7052,fmartelli,2017-02-28
0f6e263afde3ad1377f4b7f62f04005061b05549,fmartelli,2017-02-28
bbb05c5f1653f81eaf1826fe50e249f6e27040f8,Francesco Chicchiriccò,2017-02-28
454af14234dda2dd64b67924322c20156df72afd,fmartelli,2017-03-01
b08bc1c4a2ea9a552810f899ab4c25d0ddb5901c,Andrea Patricelli,2017-03-01
3be92ce3ca0bbb3696a6b62b748f50c835e59a25,Francesco Chicchiriccò,2017-03-01
58fa8e7bf50eab0c156b5a3cbda3a0a93c2e9d7d,Francesco Chicchiriccò,2017-03-01
b49453765b615d63e6acba555a3c4f8dcf2febaf,Andrea Patricelli,2017-03-01
32af0320d9d426bb34fc5a69287b5e19a0630ad3,Francesco Chicchiriccò,2017-03-02
a70efed4cb1e9f3ecc3bbd65038904ee0e31bb20,Francesco Chicchiriccò,2017-03-02
2b775bb48d73d6ce4c4042ee2e5568164ffe62ee,Francesco Chicchiriccò,2017-03-03
5cfb727136381cb85b01bf43318e00e8c1881cc8,Francesco Chicchiriccò,2017-03-03
7004b84a150f456044e95ac5c83edfa8f8db9c59,Francesco Chicchiriccò,2017-03-03
52badc4b9e8afa4b5042ba19c19e570c926dad88,Francesco Chicchiriccò,2017-03-03
2b06bafc58ccc0d2b9a1be137f0965ff111b08d4,Francesco Chicchiriccò,2017-03-03
16020a557ad314d9034712f4bed8d13b90921166,Francesco Chicchiriccò,2017-03-03
b2b8ee1998cb60d5fc31e2c11283fdbfaeb7cc73,Francesco Chicchiriccò,2017-03-03
a8827b52466a4f777349cf1fcb27e18bf3590bf0,Francesco Chicchiriccò,2017-03-06
e38c042d84035662ab56bf770c148a21f109d17d,Francesco Chicchiriccò,2017-03-07
bfcac4bbd4a8007ee2df3bf4c61e667c2d1215b2,fmartelli,2017-03-07
eb4cb44854fb1798e3d5fcb77f8bdd84629803d8,Francesco Chicchiriccò,2017-03-07
c6e10f92ffb37391c6509725838e8d61aaac7fab,fmartelli,2017-03-07
166b2f9f93e7509422a3a370854e5be6c8ef34ec,fmartelli,2017-03-07
d7c848cee63695dbf0f63dee6dcc53f52e838b11,Andrea Patricelli,2017-03-07
d268c1ec5c281d105e2d257e60d0677362733e0b,fmartelli,2017-03-07
72f1b3e1a0a239c042548a2da7c7fac142dab55d,fmartelli,2017-03-07
bf0289f143d23c2f19a64765eefbddb85ac44655,Francesco Chicchiriccò,2017-03-09
1a1f7081b571c371167e6854d4cdc2a6fd644a07,fmartelli,2017-03-10
98e27bfe1e46643d58fe649aab52d3597d914267,Francesco Chicchiriccò,2017-03-10
aa8e9f1e6e3797d40665855ee7cf13ab64c11e2c,Francesco Chicchiriccò,2017-03-10
03bf9c83817656d953a7fc7308ae1bfb1d125708,Francesco Chicchiriccò,2017-03-10
a70cf06be58e412983adc6e0d6c5534615a99e40,Francesco Chicchiriccò,2017-03-12
672830586dfa49baa29f624b1775add3dcfd8473,Francesco Chicchiriccò,2017-03-13
a0ffad75eeb166590f05f2d80d043c56b620023c,fmartelli,2017-03-13
750c789aa2e79559ce0f5f875082473c11be8153,Francesco Chicchiriccò,2017-03-14
d5f925f48b431cbd36ed32dc119501361b8b7c94,Francesco Chicchiriccò,2017-03-14
f74a2bcb4aa60d7aeb951e76754298e0954fd1c7,Francesco Chicchiriccò,2017-03-14
af37b2ba93809d61fd0b65ef6f106c4e5f281ecf,Francesco Chicchiriccò,2017-03-14
24a71aa96c452c60f64fb58efc76b5ba171cfec9,Francesco Chicchiriccò,2017-03-14
5299a526a0436b0ee7deddee49fd0ff2c62caeca,Francesco Chicchiriccò,2017-03-14
d84b539cbff7e3ebb1b4ee34ea88de7a843ae8f2,fmartelli,2017-03-15
13fa1426fd3c8c6bbf3072e8796e030d1ac44f36,Francesco Chicchiriccò,2017-03-17
9fe5a756115a1caafee3261d914c6b3d4788503c,fmartelli,2017-03-17
4850ef44f414b16d58ceff9e1e5e5cf0f3f83cef,Francesco Chicchiriccò,2017-03-20
2a7358f452a3a8d65353a4d04bf445caabf39a73,fmartelli,2017-03-21
c4433f5264fde58fd923b355861d889302fe769e,Francesco Chicchiriccò,2017-03-23
3800c63d1a3cd1061f0a3299d9e6c1c37ce360b6,Francesco Chicchiriccò,2017-03-24
6c920e4fe6116535be68a8715c3b32848a498d32,Francesco Chicchiriccò,2017-03-24
3039d68c286ae4fb2f3e9e9aa2c000188a7c3768,Francesco Chicchiriccò,2017-03-27
5069b3258f85f3e2f7e5bbe7899bc5299cebbc46,Francesco Chicchiriccò,2017-03-27
9d0442e5ee8c8d7d88efa9e89ce3a5b779f2e014,Francesco Chicchiriccò,2017-03-27
5e79f86b5fa6ad6c155a0e234a7b6808ce69b3cf,Francesco Chicchiriccò,2017-03-28
b980a496e59371b19903bf5d9a0bacec874c10b4,Francesco Chicchiriccò,2017-03-28
7c2f2cb7c6df90074d91389bd8547c01fd9de3c1,Francesco Chicchiriccò,2017-03-28
f0ad5d5790fde215f2c327b4d2dff29744b6f14b,Francesco Chicchiriccò,2017-03-28
ff26658e78ccde5ace071fc5450a21ddee0e5b6a,Francesco Chicchiriccò,2017-03-31
00a19145bd3980df01f38b848747153e18ffa78e,Francesco Chicchiriccò,2017-03-31
3d7405db84e40dc15a4e65d95667cf6075b1056d,Francesco Chicchiriccò,2017-03-31
ebd22e8c3f6356dad94baa6f4c7821224b5d2aab,Francesco Chicchiriccò,2017-03-31
62919a22c7e59c94e785f59768ba101e6fc39706,Francesco Chicchiriccò,2017-03-31
b6fa8174d4d7c4b14aba0f900d0dc689d0e4e859,Francesco Chicchiriccò,2017-03-31
3c11720c601b715e82949b2116afd75d6e782c1a,Francesco Chicchiriccò,2017-03-31
673cdf9e1863f7fd17959bc13295388cbb67d69c,Francesco Chicchiriccò,2017-03-31
50d3249dccbacca802ec7c4efa0862ac5d828d41,Francesco Chicchiriccò,2017-03-31
5411181b84926babb5e17b4d400c7ac06da02d8d,Francesco Chicchiriccò,2017-03-31
2f7952b59cf8afe8418c58580e8ccd44e5f47b46,Francesco Chicchiriccò,2017-03-31
b0f0381d832e6ca99a0d35dace89614b3a380611,Francesco Chicchiriccò,2017-03-31
cc6132dd05fbe92941f26ce29a729a7a733ca69e,Francesco Chicchiriccò,2017-04-03
4fe838d2d7c09ebb3063c7baa3739bfe6c9e8325,Colm O hEigeartaigh,2017-04-03
4ba66c335f5ab7bc7f51ea2ef1568ad03b299eda,Andrea Patricelli,2017-04-03
eb69eb8dd511c9e77d4cea2fc2dbd2cf65616ee2,Colm O hEigeartaigh,2017-04-03
0f51a1ac59fbc736399adefc12b99ee90dde007b,Francesco Chicchiriccò,2017-04-04
4fdf1c4356b8b527e7482c9983b53c28f85b5501,Francesco Chicchiriccò,2017-04-04
76c79169ebdbaafde900aff82f0fca6a1a605b1f,Francesco Chicchiriccò,2017-04-05
4a82fb302b08e05360adc30e56780f180e97f8cd,Francesco Chicchiriccò,2017-04-05
fe07e12dc1503b8db883cef966576a65de6fcecd,Francesco Chicchiriccò,2017-04-05
c8cef3d92dda92a3c8f81e1740928789d1641d89,Francesco Chicchiriccò,2017-04-05
1830e9222630e511f122923bb9118a12013f941f,Andrea Patricelli,2017-04-06
f0e0199fc70774bcab8e2bfb0304cf0a05d15728,Francesco Chicchiriccò,2017-04-06
06c2ef9c942bbc999b0b5c4e53a2fa596311e361,Francesco Chicchiriccò,2017-04-06
57705c15609500d43fb573edd06c84dc4745e7e9,Francesco Chicchiriccò,2017-04-06
dfa81211a784bc133176303982ac86ac1a05a7a7,Francesco Chicchiriccò,2017-04-06
832453828fdb274e3530a8c3e1392b99224558e9,Francesco Chicchiriccò,2017-04-06
dbf07add3dbca0b3a99993e9153bfbfa72b417ea,Andrea Patricelli,2017-04-07
b024bc8eea9a27c87cb67f89e1d8a51d8f8f880d,Francesco Chicchiriccò,2017-04-10
fad07ef43d271a302f1b3fb5c99ee6dc68cfdbff,Andrea Patricelli,2017-04-10
b578e4b02f26d7c81e608fc1f9e5baa09bf41a60,Francesco Chicchiriccò,2017-04-11
4c2dd4433353a47b98fbdc4a9706ba6726b9fd44,Francesco Chicchiriccò,2017-04-11
11026de062c9dbf3e2540275d0909f8255d53901,Francesco Chicchiriccò,2017-04-11
cd8b72deac696e62bcad042179b9366ec191eba2,Francesco Chicchiriccò,2017-04-11
7a08dc65ac9eb22708fab32c30ba9a36e6b81b7b,Francesco Chicchiriccò,2017-04-11
f1329b79966d1986bbbfe031e46d61469468abd1,Andrea Patricelli,2017-04-12
847e0c9ba9e2a353386f18baf5f95043422be338,Francesco Chicchiriccò,2017-04-12
b398bcb60dd475053c1dac5440449d2ccddf3069,fmartelli,2017-04-12
26354051408bf2d1b06076d7adc6cc941dd463c6,Andrea Patricelli,2017-04-13
0527a8089064499798dadd774347703e294e8727,Andrea Patricelli,2017-04-13
dfcec0dae64459e1de5d0653a79f2e3e1c8b909d,Francesco Chicchiriccò,2017-04-13
ed3d3c572b7fa2e7ab8793d393a54ded1c085fe5,Francesco Chicchiriccò,2017-04-13
96d95d213a347631f10ac4e73bb2408a5741f240,Andrea Patricelli,2017-04-13
4a221fe8bc0947071a37bfb04d10c8be5178c6bd,Andrea Patricelli,2017-04-13
e38b4c63baee4ce383f4009e3573639910d147dd,Francesco Chicchiriccò,2017-04-13
dbf231a8e5ca7c59f50f83c37f4a7064e923435f,Francesco Chicchiriccò,2017-04-13
46a70c88aebf62c856ab943ac31ba5d44a1df3ed,Andrea Patricelli,2017-04-13
bd5920864513c3b8ff13e3801f47c6db4a1d482a,Andrea Patricelli,2017-04-14
9cc238c97f8dd63a53ad52ef45f0a6a86aef0324,Francesco Chicchiriccò,2017-04-14
28c2e4a051eca1bde9e4eaddd4ad5c3eaba9dfb4,Francesco Chicchiriccò,2017-04-15
705eb41c3030d835a81ff580225fa64a2cf5b37d,Francesco Chicchiriccò,2017-04-15
49e9637dc0279eba629657ca6e9b7242508c480c,Francesco Chicchiriccò,2017-04-15
ea0adcb9a8a8900890d36a5903f0a258d5b59750,Francesco Chicchiriccò,2017-04-15
cd699bcfc57dc1a524a3978d136e07fe75039529,Francesco Chicchiriccò,2017-04-15
c89dc8f6182d8bfa85dabc1a4be5b7887d2e37fd,Francesco Chicchiriccò,2017-04-15
f71932502f697f4cdce936f51461f8ff1f0322ed,Francesco Chicchiriccò,2017-04-15
6b6f36c8b39260fb2aaed1ccb5a86ec5863e7185,Francesco Chicchiriccò,2017-04-18
86446e9fd03f788b4c4beea2f6cec6dcf4146870,Francesco Chicchiriccò,2017-04-18
8b8b5d13b67864c0c0a56e8c9f582a1a4571b918,Francesco Chicchiriccò,2017-04-18
aa36e2ab5f5e9a14cca5f851588de01c190ce2ff,Francesco Chicchiriccò,2017-04-18
40f401c27f2b88b5a5fe016618a81e89dab9d9a8,Francesco Chicchiriccò,2017-04-19
b81f9e4283be396fd2e322d12d140a71c6ef0d33,Francesco Chicchiriccò,2017-04-20
822ad873cb7139ae81f76d4b685273851b7e79dc,Francesco Chicchiriccò,2017-04-20
20501b8e6a16862462bbe3df19e6588e7ad88b06,Francesco Chicchiriccò,2017-04-20
9c744a9807a6e8e78bbad72a8ed4585932a11c32,Francesco Chicchiriccò,2017-04-20
218674e75e669127cd677f1d199984973b005b41,Francesco Chicchiriccò,2017-04-20
b03947a33a3ee3dced1cac6a863856824a4ae158,Francesco Chicchiriccò,2017-04-20
d76ed3e8b73a5947d286077208f22f741f4f3561,Francesco Chicchiriccò,2017-04-20
dd034efbed63740853de1335a12a17de73547ea9,Francesco Chicchiriccò,2017-04-20
51ae1d5ef0e1055f9789cc36bd85bbf28cd6413f,Francesco Chicchiriccò,2017-04-20
813b0ab17dd4525c255d29c41b8b82dfafb8b010,Francesco Chicchiriccò,2017-04-21
84ad9371bb9784a1aa5387009981ecf80125f69a,Francesco Chicchiriccò,2017-04-21
16029366613c0534ea77828bec02c7cd607fb223,Francesco Chicchiriccò,2017-04-21
31c7e8f9082d8b2838507df37a238d0b17e5bf93,Colm O hEigeartaigh,2017-04-24
d8e18a6c30634e673eb62785bf79df51114dd6b0,Andrea Patricelli,2017-04-24
fbda9672010c777bafdd4bb7e2bd4b59fe617ab4,Andrea Patricelli,2017-04-24
7e334448a2cf9171129088f2329ae667a0acf8f8,Francesco Chicchiriccò,2017-04-25
97a5d21ebc8575c8002a284e577324abe93048ef,Francesco Chicchiriccò,2017-04-25
5adb643d16091f9e19ba82357e41d77087928d35,Andrea Patricelli,2017-04-26
c23f4a6985ef8e6ad58631940d75fff324f931db,Francesco Chicchiriccò,2017-04-26
960f8d37c65d96885fd7a5f205cdaccbe0b6256f,Andrea Patricelli,2017-04-26
9fc4ca0c3711cd0f979480494340b0efe7c55651,Francesco Chicchiriccò,2017-04-26
cad371cec6676b68cc82bc0aa5c44e5bbeb8aeab,Marco Di Sabatino Di Diodoro,2017-04-26
4b4b135659d597fcafd5d844954dfa92988dede2,Colm O hEigeartaigh,2017-04-26
6cc73bf4a95071efb8e88f58b9e968bce76a19ae,Francesco Chicchiriccò,2017-04-26
032fdf548a7452089637b278be4c9e6648c8c1d2,Francesco Chicchiriccò,2017-04-26
2a611ced3006d6043892e910142f617e2b626aa6,Francesco Chicchiriccò,2017-04-26
7204dbe48a741ab90134a918daa4deb4c25429b8,Francesco Chicchiriccò,2017-04-27
edba3383835d9fb3306250c2374a7c1f9b44d09a,Francesco Chicchiriccò,2017-04-28
8d4734cc13b1b1b66462deaa2e508594469abdab,Francesco Chicchiriccò,2017-04-28
41be16f80ad3eb9b118a1f8da75f9d81086784b5,Francesco Chicchiriccò,2017-05-02
018fa9771adee2788be0ba3357c31cdc5da17cba,Marco Di Sabatino Di Diodoro,2017-05-05
2e7e2ceef339fe243de2c688200e4010d46b8776,fmartelli,2017-05-05
9e09aa1288e78b68cd48c60f26af93d7c427b136,Francesco Chicchiriccò,2017-05-08
021230445caf8d026a1d09b10ae4722dadb49984,Francesco Chicchiriccò,2017-05-08
d70c841bf38efb2d37c1aba6ab4b64a1b7946de1,Francesco Chicchiriccò,2017-05-08
ed21ef02d82b62913b82febdf5b7d951b30935f4,Francesco Chicchiriccò,2017-05-08
2f254fac95b0a278e669ffe2201b4731a042efca,Francesco Chicchiriccò,2017-05-08
2f65c14fcd681d1e2e798e4563c6eaa07b5def9f,fmartelli,2017-05-08
5820eb52a37abf3a8d6f288c5fb8a3e311d66179,fmartelli,2017-05-08
091c74b8a6d2f317c165ede0f1219774dd6383fc,Francesco Chicchiriccò,2017-05-08
2c59f981546f0a66b24f31985d9ae8331401b78a,Francesco Chicchiriccò,2017-05-08
704b3adb99318a76352f32bec8ba78e36f73afb8,Francesco Chicchiriccò,2017-05-08
cf3eb46dad9dee4c5b04b212098e6dc9b87d208c,fmartelli,2017-05-08
a5e868bf8d2ce43c316bd008f58ccc0b764c6328,Francesco Chicchiriccò,2017-05-09
648c45461ad9636ebdd5ac27eb8aa9502c8b74c6,Francesco Chicchiriccò,2017-05-09
268e6ffcd3f6fc41b831534ad95fb1d6c2ba54cf,Francesco Chicchiriccò,2017-05-09
0315ac634bfaedd893f46fbc0184807102cb91c8,Francesco Chicchiriccò,2017-05-09
4b991ec91de5b7d53c7f0eef1d89fefb4e813957,fmartelli,2017-05-09
b34ff3f7e52567eb5a8506e500ed38e8bd1592cb,fmartelli,2017-05-09
c1cd3fe9ad12227d58de5adac666d569c9c29876,fmartelli,2017-05-09
9c180285b624b2e6cc3ff4639055b4e3ecd6c75b,Francesco Chicchiriccò,2017-05-10
363f325be8ae8b3aab7629f1c161a05382289d7b,Francesco Chicchiriccò,2017-05-12
48274e2f5f8469755973a5bcac5c70acb9087df3,Francesco Chicchiriccò,2017-05-12
66f665191a0ee64f1fe87693d66bb23a23e6184d,fmartelli,2017-05-15
9fc62b668a300567cb3e3d6c468187226e387663,Francesco Chicchiriccò,2017-05-16
74bf00b470d44824d0dd2e539afb4015552b36ec,Francesco Chicchiriccò,2017-05-17
cbd10830915ce423dfce7ce4b555d01f00e51300,Marco Di Sabatino Di Diodoro,2017-05-17
29b97d7f91a318d8c840350cf6cfc1dd8961cc0c,Francesco Chicchiriccò,2017-05-17
3d0b6a1c5afe4cc45f2f82bd32a7d136dc8de877,Francesco Chicchiriccò,2017-05-17
718182365541e831c439722a2b400fb0fa490904,Francesco Chicchiriccò,2017-05-17
9b7b54f230dec641fa8cbc7a27d71a3a6360bb68,Francesco Chicchiriccò,2017-05-17
0171cbc096fe474723ff4f70f4136a63f4e3377b,fmartelli,2017-05-19
f696ca3c721299e2bbbe6f7613ff205624986e3c,Francesco Chicchiriccò,2017-05-20
9b7abc1804ec2dc21084528333f24489f441d12c,Francesco Chicchiriccò,2017-05-20
5ab65808ec565ef50b970e96be011edfce8eabff,Francesco Chicchiriccò,2017-05-22
3fc8bf3ef242184a82635ee5a303d085cfd297fc,fmartelli,2017-05-22
a5311460f81e50852978fa6823905b10d36700c6,Francesco Chicchiriccò,2017-05-22
5d1a0f00edc651d4a37e80ddd9a1bc1b24736e50,fmartelli,2017-05-22
67568240f72b2bbadf151818f7aa20de24266d80,fmartelli,2017-05-23
87ac9bccbb9fab9003f36c1301ac72fade05ab16,fmartelli,2017-05-24
736598fe5d61500c7098579515dc934e4766761f,Marco Di Sabatino Di Diodoro,2017-05-24
be031e8bd96025a13c2fcf2021eec78a6c95820d,Marco Di Sabatino Di Diodoro,2017-05-24
73c7704002f96a8732a34e664049d24e704e88b7,Andrea Patricelli,2017-05-24
5b2ce7178634958a889ae27eb2cef371c1f14d5d,Andrea Patricelli,2017-05-24
e3ca385566df403111f518779c9f1137ca0a7c01,Marco Di Sabatino Di Diodoro,2017-05-25
be35817fe645f4142c2d80be0ee55e36c156324f,fmartelli,2017-05-25
36b786c041523de3779c7bb64fad1679e7c8db7e,Francesco Chicchiriccò,2017-05-25
06d9b452a446b0c56d416dd045017d743db0929f,Francesco Chicchiriccò,2017-05-25
419ad61f20107438e95d98c01d48c2b4152d1191,Francesco Chicchiriccò,2017-05-25
0b96dfc4708f42dbd1fd881284522c5f77c3ae68,Francesco Chicchiriccò,2017-05-25
3088b0335a7b6024b3fd84c12c2992d77ae6a0ef,Francesco Chicchiriccò,2017-05-26
ca0fcf1b728c9c6937b55fd0a8bead1d91d3edb4,Francesco Chicchiriccò,2017-05-26
7e0d6775047d2bf66fa9978f4a5385ab3f5b45fb,fmartelli,2017-05-26
d40aafe76a129ddcf4d7656d27e2ecc36c9aa056,Francesco Chicchiriccò,2017-05-29
03cb2f012124a40a6f9ef4b5861beb32a2798848,Francesco Chicchiriccò,2017-05-30
2748d00bb3150b4fffdd0a85e081b7d39e3b1978,fmartelli,2017-06-01
3defbf36d866533140f8892aef4feffcd8f82831,Francesco Chicchiriccò,2017-06-05
75af3699164def37fb03653b234d275124c5cfbd,Francesco Chicchiriccò,2017-06-05
d3e23f675a584fa070af6ecb02a57c360124a385,Francesco Chicchiriccò,2017-06-05
95c933ac887c4e6dd1fe005395ba38f9ec0908c2,Francesco Chicchiriccò,2017-06-05
bd695da79888cab82c8cf4803cc01cecba804e41,Francesco Chicchiriccò,2017-06-06
b715166c150dcca4cec6d6ccda07351e14ba2278,Francesco Chicchiriccò,2017-06-06
33a3b0a1435932e40e72fd2e03a9a32a2d24086b,Francesco Chicchiriccò,2017-06-06
ae09d717485a53e526adfb8d45e5cec149ad9af0,Francesco Chicchiriccò,2017-06-07
6b56228138c35ad8ccef35e8df7169e7ab3c6259,Francesco Chicchiriccò,2017-06-07
6816f17ec3a1324b28bbd0c8fc3baae88d28fe7d,Francesco Chicchiriccò,2017-06-07
a1bb672317e9bbd605a19e89272456b3ca8066f6,Francesco Chicchiriccò,2017-06-08
8683655c629421139ac81c641114153f7c01485f,Francesco Chicchiriccò,2017-06-09
f74ce5dee37f7e5157a3c84f00119d2ffa422e6f,Francesco Chicchiriccò,2017-06-09
52bd7eb0d8331b884e8b8cdf598670d1a03ccad1,Francesco Chicchiriccò,2017-06-09
e8a961cc32bf9938c018f951d31e1a8fff533d4a,Francesco Chicchiriccò,2017-06-09
23b1c9d76840fe0331edabbdcda239f477294181,Francesco Chicchiriccò,2017-06-09
a149a01a120c65ac1e17096756292b83c2782858,Francesco Chicchiriccò,2017-06-12
7a4805becf755ff56159bde8d314dce189f893f2,Francesco Chicchiriccò,2017-06-12
9ec5f834f68a92e2d808f5fd347264b7518ab73d,Francesco Chicchiriccò,2017-06-12
a90d50ec5e29e528beacd3a4e2a032b6b169c2b5,Francesco Chicchiriccò,2017-06-12
3a7cf682f2fae3cfa4051545bd532e0ff68207c8,Francesco Chicchiriccò,2017-06-12
fc8a30b8573573b108208e459d92a45797fdf3c3,Colm O hEigeartaigh,2017-06-12
8ff366f27aa62ed986938229179cc837e3647f9d,Francesco Chicchiriccò,2017-06-12
4f6c1dac9579ff8d697b609742821c310849ba85,Francesco Chicchiriccò,2017-06-12
c6262057436ec99ee9d6b7b7c6665f824ce32b28,Francesco Chicchiriccò,2017-06-13
d310af8337e3fbc410d70e21f62e6bd40ffd753e,Francesco Chicchiriccò,2017-06-13
be06f8684568ccecdef7952d3121db2051cf291f,Francesco Chicchiriccò,2017-06-13
8cee38084c20592ecb80c5cd0caf3e2127bda6af,Francesco Chicchiriccò,2017-06-13
06f3fdd73e6b08f400d6551b4607d9527b70ef0d,Francesco Chicchiriccò,2017-06-13
9f979f6aa9f98b7fb79fd4bbf300f55aff661ff3,Francesco Chicchiriccò,2017-06-13
d02729e63680fe09761f96ae560ea849b7f4f756,Colm O hEigeartaigh,2017-06-13
f9031b674f4be7c2994a556626319679e09f9ed5,Colm O hEigeartaigh,2017-06-13
862835641a986318db2a5c7c6ce1ceccdb9d1296,Colm O hEigeartaigh,2017-06-13
d5a5079ccb95b2c0d3faae8ba527572aebce78f0,Colm O hEigeartaigh,2017-06-13
919b32e6840ae330db944cb1990baccae365a245,Francesco Chicchiriccò,2017-06-14
a21329eeabb33f5e2690f54ac30a6c34ecfa00c5,Francesco Chicchiriccò,2017-06-14
03d5364b14bb911358f8b468924e304576ff99da,fmartelli,2017-06-14
e0798eaa1c39a02db05bb517b5ceb37ac6e93bdb,Colm O hEigeartaigh,2017-06-15
991612c78c4020f95aa7523720ec9889db4602cc,Colm O hEigeartaigh,2017-06-15
4e7c3640064a23af593dfbfa7f0ef5c0931c371a,Colm O hEigeartaigh,2017-06-15
c679035d94013250ffa3a328be71b6885447cece,fmartelli,2017-06-16
10a95705f6c25d263da8fbe7561d11d946c310cf,Colm O hEigeartaigh,2017-06-16
eec50af7a26d87e88a5ce8b3f45e7b96d6bd8cb9,Andrea Patricelli,2017-06-16
9977405982edb7cb656f52e82f92943e8af9cdd3,Francesco Chicchiriccò,2017-06-19
e00a25367244a1c2d244f1c6e8cc197a877c65c9,Francesco Chicchiriccò,2017-06-19
37b70e661ab4ab0566cda5e1641edd042e23f96e,fmartelli,2017-06-19
d4ecdf6bd7ee5a718b148c2b510bbf319b3b04a3,fmartelli,2017-06-19
71e676b3869f646805c8595ec00c96ebb59f16b6,fmartelli,2017-06-19
59d6d4a37b93757397f8e16da4bc2e7aa4fe3066,Francesco Chicchiriccò,2017-06-19
d611e65aa8bc8669f2e8d5a64a42a98fce41c9c1,Francesco Chicchiriccò,2017-06-19
335cfdab3028cb1ec74a6918252fb6c6db811273,Francesco Chicchiriccò,2017-06-19
7d20e44d1b675f210870b381ad555ef4667c51e6,Francesco Chicchiriccò,2017-06-20
6edc1e67554d90dd3d1fc62ff064dc1b8a0c4978,Colm O hEigeartaigh,2017-06-21
16096f6d8a84aa55e49f76d91c6e453f84d28fb8,Francesco Chicchiriccò,2017-06-22
a18b08c144abf2c1ae56c1cde89bfcda2267d4c1,Colm O hEigeartaigh,2017-06-22
0e21f7c1a6492c5cc61956c3654a1483d2680092,Colm O hEigeartaigh,2017-06-22
9ed7b7bb6831696d036a6afc95267ef8d5712f3d,Colm O hEigeartaigh,2017-06-22
24f3eebf53aed4c380d142a879ee4bc98d702d35,Colm O hEigeartaigh,2017-06-22
a4f351196912442cd54b2e4329d952cd9855ea34,Colm O hEigeartaigh,2017-06-22
0dc6593ffccd559cd147e088a4832368d33532b5,Francesco Chicchiriccò,2017-06-22
017909743d9aa7c19a44cfd2c67b7f5d72e87f89,Francesco Chicchiriccò,2017-06-23
bdff1fd618955dd6a361385fcc8c620d75d34b5f,Andrea Patricelli,2017-06-23
3b88f683089162b62fe7b190be177e79e35944ea,Colm O hEigeartaigh,2017-06-23
14d5e768734e725d8a0ec2738257a94abb682876,Colm O hEigeartaigh,2017-06-23
e76c59da537ba66f29bea9759e3488c9a7a0e936,Andrea Patricelli,2017-06-23
ab4c623a3f6ccdbe03968235b843ec81a2d97b1f,Colm O hEigeartaigh,2017-06-23
ed8e08129d37a7d60ff36b502e8195b5f4925193,Francesco Chicchiriccò,2017-06-26
9442842a4376a32d239dd434e8e421ef4f0350b0,Francesco Chicchiriccò,2017-06-26
023b200886972f236323a649e30523d5945e4ec6,Andrea Patricelli,2017-06-26
8432cce7e0f761606bd3b008e9245733bbb3ef7d,Francesco Chicchiriccò,2017-06-26
b5889b250f4b3ed2900feebe3f2c48899c1a517a,Colm O hEigeartaigh,2017-06-26
053cb7e733ab5f53d8cf8b87792944800311ed0c,Colm O hEigeartaigh,2017-06-26
00617f7b9ad3ed540c8a1d4e22ab84b63f4a1158,Andrea Patricelli,2017-06-26
a4fa195bf4e043e5a8dffa6fe8dadb9efd13e8eb,Francesco Chicchiriccò,2017-06-26
2deb36904c8d381d0060f10dd79c32e03185cd5e,Francesco Chicchiriccò,2017-06-26
cca472be51fd9d882e4bd8aa8f1e03a4c16112d6,Colm O hEigeartaigh,2017-06-26
ee802ac1503a51b734a91448770fe05da193e138,Francesco Chicchiriccò,2017-06-27
636985db65a8c1b6dd7af781966a7f84d3a83c2a,Francesco Chicchiriccò,2017-06-27
11ab8cb9a824efa48d5c98613b174ec2633dfa29,Andrea Patricelli,2017-06-27
c12106de4480d03c9b331ef72f5fa4a0bb65c246,Francesco Chicchiriccò,2017-06-27
cfb6c638d570536233743cca16a5498dcceea6ce,Francesco Chicchiriccò,2017-06-27
53c54d7f13f2a60a5f44519bcc251bad097b0c28,fmartelli,2017-06-27
e96d9c57c8d24ddb4dd3a6b30c27dc4fb24dedee,fmartelli,2017-06-28
8261c4102f605854d51e0903130ff5ff1aa862d3,Francesco Chicchiriccò,2017-06-28
f09caa082f5d7eb7c05ce03cd597a8a4a2c36f90,Francesco Chicchiriccò,2017-06-28
8ae693218c3f2b4575cdff943227011ae2d8e166,Francesco Chicchiriccò,2017-06-28
750247e6a73e3319868e9adb9a4380a70691c50c,Francesco Chicchiriccò,2017-06-28
26fb9bdae50088dc69338b300d045212fe1d7d98,Andrea Patricelli,2017-06-28
733b97203924daacc9c4e07b6caeddb9e85ddb97,Francesco Chicchiriccò,2017-06-28
aa5d3ba9505f2512cc17f847c32716cde4b0359b,Colm O hEigeartaigh,2017-06-28
653afac686cc10a13bdd191b807b8f90e0b84e25,fmartelli,2017-06-28
94708a3eed564f6bc33953075d7ac423a4ec167d,Francesco Chicchiriccò,2017-06-28
b4713c15f9ea28bb108ee2e82d986a8011586c43,Andrea Patricelli,2017-06-28
7187c35ab562c233fdefdc41e44a27b13ec46863,Francesco Chicchiriccò,2017-06-29
c50ee317670571c7e56e1066536ba99313327166,Andrea Patricelli,2017-06-29
3ceb8b597b203d5e5b7fe96c55487e3df5641cb5,Colm O hEigeartaigh,2017-06-29
e19910c2e011b7066f8cd259483603fdf889ec85,Marco Di Sabatino Di Diodoro,2017-06-29
653b88a7251692cc63060444b71ff300c41d83d9,Francesco Chicchiriccò,2017-06-29
4e8680b3f11064035d7a2038e7d50d085145c78b,Francesco Chicchiriccò,2017-06-29
fedae9c765091c278026e84fa998c029578ab674,fmartelli,2017-06-29
3ff021421d2d4a24d39cafc3f227063e941ac1a2,Andrea Patricelli,2017-06-30
34ed6eba9cc64d3428422af1e225de2212d6367c,Andrea Patricelli,2017-06-30
152f18b8ef21fd5cfa7f979d6d1360dcdf6930d9,Francesco Chicchiriccò,2017-06-30
9af12648e41dfa07a735f5a5879185f9c7382380,Francesco Chicchiriccò,2017-06-30
a8fe4b787b25b1343a944cea66350b37a77c61d5,Francesco Chicchiriccò,2017-06-30
57c4c7a194b9e5ae1b206cdc6b36bb9282ab0b7e,Francesco Chicchiriccò,2017-07-03
615b29aa6ca3bf9bd930a192f2e580cc1b593258,Colm O hEigeartaigh,2017-07-03
631740d6f18037c3d2438f938bcff9000d089e95,Francesco Chicchiriccò,2017-07-04
bbcfc41e012796023b4920151529abffaa942812,Francesco Chicchiriccò,2017-07-04
c86fb4e637120f7c3b71d9f70d29935eb55807e8,Andrea Patricelli,2017-07-04
bbf5b514b92cf37109e1a168a189014f1c570356,Colm O hEigeartaigh,2017-07-04
0f5116c2fc4fa175ed0b7062dad000fa8c9f46d6,Colm O hEigeartaigh,2017-07-05
ffb78c0871ca6b99b39d67c6998438b3e9f832fb,Francesco Chicchiriccò,2017-07-05
2035f6b4d7d9d3624e6c52a070f081dd54835606,Colm O hEigeartaigh,2017-07-05
d4cd448427ea2a147296159fd70712ead0a42a69,Francesco Chicchiriccò,2017-07-06
7451efb6d274cc446da952d7b607357b0422f30f,Francesco Chicchiriccò,2017-07-06
497d2da60b3fa02980a333b8017b88364eed057c,Francesco Chicchiriccò,2017-07-07
7047e367bbc7a4dd4f65bb3e5b23130541c3134d,Francesco Chicchiriccò,2017-07-07
f1eaaa2631431fd2de9d25a1b3c9b03f7cd77639,Francesco Chicchiriccò,2017-07-10
9779e13e0d55efa445c6b046c51781d55d91991d,Francesco Chicchiriccò,2017-07-10
bd5c1af88ab99432577cfa826b2a3ea6dc655418,Francesco Chicchiriccò,2017-07-11
de9e202971bee50cdf0c4d2c50f1c57eb5684f8c,Francesco Chicchiriccò,2017-07-11
a7b54fa78606005a469f98758199f82212bb41bc,Francesco Chicchiriccò,2017-07-11
20596e2e02e841f7897f39669a98a1f70e386f4e,Francesco Chicchiriccò,2017-07-11
f9c61fbc6d9a1760bdcc777f3427e49b9349c5b6,Francesco Chicchiriccò,2017-07-12
3e90e38fd6519ac3b94a6ca3c4db9eab9434f1bd,Francesco Chicchiriccò,2017-07-12
bd6f46e9df674fe02721687d8ae810f040e850bc,Francesco Chicchiriccò,2017-07-12
13f9e9b9b34659ef36ce3631b7e26073e72125e1,Francesco Chicchiriccò,2017-07-13
8f7a7be70af49967733eafa6a2412f7763009064,Francesco Chicchiriccò,2017-07-13
bb5bf2961e75f4c3bf1ee08da32f6f0d17dca0d0,Francesco Chicchiriccò,2017-07-13
21ea877bd398689c81e74a7b760ea1095d13e084,Andrea Patricelli,2017-07-13
d7fbfe4862851bc5d7833dbb293c6b3f4b5185d5,Francesco Chicchiriccò,2017-07-13
cb57c5ad20bcd90efe09d0666f27ab151aa4b00c,Francesco Chicchiriccò,2017-07-13
715745275b0c8993f48d206231aaf0935f94d17b,Francesco Chicchiriccò,2017-07-13
d0284e0dbbeab6423c9d4b7a52990e8b73b64e23,Francesco Chicchiriccò,2017-07-13
020a35c64aecb0afcda336bae815c4d3605aed22,Francesco Chicchiriccò,2017-07-14
8d2d9edc5af8b1017731c1c711f9e3b934f2896f,Francesco Chicchiriccò,2017-07-14
daae6a7975731e03dc99a9795cee20c5fbedd9b8,Francesco Chicchiriccò,2017-07-14
3d308753f48e758f93b9efb6c527da58fa55b655,Francesco Chicchiriccò,2017-07-14
2d444f6258cd27a405b6a33c73d7e1ae4ec953f0,Francesco Chicchiriccò,2017-07-17
3faef350fd2d9fdaf3d20ab6bd73ce6b83e4c695,Colm O hEigeartaigh,2017-07-17
eebca673ec43f26c711c5e16495427800180570a,Francesco Chicchiriccò,2017-07-18
4214a38925ea07d6ab2a9d8bbf32fcd3fe0841d0,Colm O hEigeartaigh,2017-07-18
7ee0bf22cb991b8ba5d4005579cf9a7225180f6a,Francesco Chicchiriccò,2017-07-18
0913da283a378fd87207b55b75b48266d3e98b18,Colm O hEigeartaigh,2017-07-18
030defd12e45d3c6bf203b8668f5be047801b941,Colm O hEigeartaigh,2017-07-18
5f6720e493e9ae0b796a89353227c9faf3a62e0c,Colm O hEigeartaigh,2017-07-18
0367ace84f05cd5e749bca39dae45bb55703e73f,Colm O hEigeartaigh,2017-07-19
39d1e61798e8eda628ed1f36b4af25a313911083,Colm O hEigeartaigh,2017-07-19
e9c21423659872e9bcbb33e747850c97e6ff389c,fmartelli,2017-07-20
d47faaff4fb61d7f38a950f8071503cd90f43e98,fmartelli,2017-07-21
b436c7a7d7bba80ce3f085e9c9bca7c83e961b57,Colm O hEigeartaigh,2017-07-26
dde0773f3321a9dc5a92fd1404f273af48cfc6c9,Colm O hEigeartaigh,2017-07-26
aa11ac9b41e738a37d695dc3a480965d9934c6ca,Francesco Chicchiriccò,2017-07-27
64ef5bf1800f699168f59fbd27be113c76cd0baa,Colm O hEigeartaigh,2017-07-27
e06d18ae329547fbf42924593fd68dd2d74dcbb6,Francesco Chicchiriccò,2017-07-28
c04858494ca325bee056577e98e272239fbd3e08,Matteo Alessandroni,2017-07-28
0e4eed03e565107d7aa2801bc892aa099926fd82,Francesco Chicchiriccò,2017-07-28
b41675a335a7d6b4d297f0cd332738c21a6c29ba,Francesco Chicchiriccò,2017-07-28
2b4053df14d74e47c55ced76b713fc1baba0abda,Colm O hEigeartaigh,2017-07-28
a9cc9e76005a10fc75dec63665951e042aef72bc,Colm O hEigeartaigh,2017-07-28
aa85d990087bc16c3496f273629fb187a488bcfe,Francesco Chicchiriccò,2017-07-28
7ad5d19b91e01544f076b980c1b26deae0184a79,Francesco Chicchiriccò,2017-07-31
b88a7565f964d476f4626efc722b49d551c2eaaf,skylark17,2017-07-31
13c046a29287b814c68b6620963bc850c9ce6f6c,Francesco Chicchiriccò,2017-08-01
aee4cea0f68529b666a82185e26c8533f04820d4,Francesco Chicchiriccò,2017-08-01
f533b2f73b1e9e2f039e3c393e24c75e0b4dd394,Francesco Chicchiriccò,2017-08-01
2f182750bdef9e260c4e267f95e816c76a7fbccc,Colm O hEigeartaigh,2017-08-01
508c8cc823118d2015aa12f323de7bf5afd77019,Colm O hEigeartaigh,2017-08-01
43c66bfe30c15f6c8ba42901098ac5f207624002,Francesco Chicchiriccò,2017-08-02
3948bbd7f6870fe50b06fefe1a2b26286544e777,Francesco Chicchiriccò,2017-08-02
89fe8311579a2079c33a17cadbdb9be8e172972f,skylark17,2017-08-02
d685eda851a9a4a916a718e5f7a66a278dcc9456,Francesco Chicchiriccò,2017-08-02
cb9e145396d2ae54fe4f37110675dc84bc7c9c32,skylark17,2017-08-02
bfce0046e7e278d0fd66ceb939a01ac056f89be8,skylark17,2017-08-02
acf98a478a15b6ec32d8e0c084236d5523f3118c,Colm O hEigeartaigh,2017-08-02
a11cd34eb3abba039a103a6429a6b9445234ef9d,Colm O hEigeartaigh,2017-08-02
c7a505783c87c7b595f20512c706ba7f4edbfa37,Colm O hEigeartaigh,2017-08-02
e3467bf4bfa58db7788f3993c3b333a41e9d37f1,Francesco Chicchiriccò,2017-08-03
e624f369d6a2df12ddc516e6b50ff5cb9d30747b,Francesco Chicchiriccò,2017-08-03
0c2414c1ab7a700d83768dd95e7f6379ff2fa6b6,skylark17,2017-08-03
aa1e117c7232932789d878e7749d7124a7bbc2f7,skylark17,2017-08-03
bb0c049e2a730753f82cd7e17c2f9ec6e3829278,Andrea Patricelli,2017-08-03
7eb33dcc815e02b456ee06a0516523684832fe11,Andrea Patricelli,2017-08-03
f1c004bfcd30c529757e37743e666c935beeeeb5,Francesco Chicchiriccò,2017-08-03
2a76703a8ce8143b7c7e7d6cb4bcc45c0a66fa7b,Francesco Chicchiriccò,2017-08-04
7e5d38b7165fba5763d1c8fda2033f74f3814b13,Francesco Chicchiriccò,2017-08-04
a9067216005f2daeec0d44e891a2c9f129febf5e,skylark17,2017-08-04
ac6a7feba2865f7bfa37435d167ca766f99ed5bf,skylark17,2017-08-07
9851417079f456392c70718851f9976042f348aa,Francesco Chicchiriccò,2017-08-07
e1084a3d97d54d2f14ed4e71236c0710214acb30,Francesco Chicchiriccò,2017-08-07
b27bed98c83683b01cae2c94c940cd87ab4f583e,Francesco Chicchiriccò,2017-08-07
2cab5d2476885ddac5cd997270614e16151f3f66,Francesco Chicchiriccò,2017-08-07
0d93a3a5bba32a9a544eaea12df72b2d165c51f8,Francesco Chicchiriccò,2017-08-08
b7458d070f88a18ea098dc0196177a502f0623ac,Francesco Chicchiriccò,2017-08-08
d4a67d4fb69c6896d3c7cfffb01ed49c2ff13205,Francesco Chicchiriccò,2017-08-08
1cd6154b5a026c3f0072b66fe056b53ed9f1d6ba,Francesco Chicchiriccò,2017-08-08
2168ef7bf8f9487c0483b6ab9a5a1a9740a53a41,skylark17,2017-08-08
0e25463d89703b02db5759b15de46eca67272f42,Francesco Chicchiriccò,2017-08-08
f240a850fa171ecd2f1071433cb5585bdca8aa7d,Francesco Chicchiriccò,2017-08-08
48c2ab45678ba615d5b6eb7dccad8f73b0134a48,Francesco Chicchiriccò,2017-08-09
97744afe7fe103101ceca95294af51ed48333be3,skylark17,2017-08-10
13230e268b9361dbb056c8960a2e10e7cb7333b1,Colm O hEigeartaigh,2017-08-10
8e73cd830305a5ed72fe3d57b225c2ed5a7a9280,Colm O hEigeartaigh,2017-08-10
d91e41e12e5fcb0fef9c10649fc09c568e944e74,skylark17,2017-08-11
8f97769cf0e60aefe897ef677ab2780a4650c824,Francesco Chicchiriccò,2017-08-11
7b7668d02b83711b7a32cea6a4a8afb1a6400019,skylark17,2017-08-11
9ee741d2b8b9a7d37e93057931ed12e9ab2670f3,Francesco Chicchiriccò,2017-08-11
5da5326ac44b790ff071e2d6b06681803143cfb4,skylark17,2017-08-11
88391163320f5d73ca51e4c03b0edc5371ab6e1e,Colm O hEigeartaigh,2017-08-11
d8d5fe5ee8c7e887f5c2fda8362aa9a0296635c9,Colm O hEigeartaigh,2017-08-11
a22a6b55f83846bf06bbb322e9acc234a9425ea5,Colm O hEigeartaigh,2017-08-11
81515d7e243e8116409e2be2cb6bf036a305f988,Francesco Chicchiriccò,2017-08-11
b627a63d22f74f86c37ecf50c20e1ac452116ab3,Francesco Chicchiriccò,2017-08-11
41bee58ef2efd4db46aeafeb0e0163eaa140a279,Francesco Chicchiriccò,2017-08-14
fe826fc6b6c820aad1dd715a68a866d25529d4b5,Francesco Chicchiriccò,2017-08-14
f912d90c2aa23c055cfb2e143e865f02025154bd,Francesco Chicchiriccò,2017-08-14
c0c51bf1672aec3fff562843617f765c1441dcc4,Francesco Chicchiriccò,2017-08-14
278525b7c8257681a2a95b87c06ed63e6e3a21b5,Francesco Chicchiriccò,2017-08-15
1afd1a7053a2fb5d56b9f9ec4a858909e1957c6c,Colm O hEigeartaigh,2017-08-16
05ada83cc342178cb4b564a011c13308acc3db53,Francesco Chicchiriccò,2017-08-17
9deba71344c6c7520bd7a0319dbeb9928739e1b7,fmartelli,2017-08-17
4f7cb969c55acf9b154923490279701984e17459,fmartelli,2017-08-17
5c10b4ba535918a809aa70d4c2c0897c59a2c3b0,Francesco Chicchiriccò,2017-08-18
ea6559c856f2b6a136dc2179a7a9d92148c7c278,Francesco Chicchiriccò,2017-08-18
5a1a1f06164bb43d641c2cce9dd7dc954ac475f3,Francesco Chicchiriccò,2017-08-19
dd8ed7cf9aa625842621a2e5e67b90964ebbe065,Francesco Chicchiriccò,2017-08-19
fa093b39c7539f5b74a4a3c0a9e31fa4cd475ecc,Francesco Chicchiriccò,2017-08-21
74ee038a4b52bb58954900c3ad6692eb1d6176c1,Francesco Chicchiriccò,2017-08-22
48b2002444d6f9bfaf88a4b609e45ca494517499,Francesco Chicchiriccò,2017-08-23
8776551b7041ffd06aa9d2dbc3b577b386fb1dc4,Francesco Chicchiriccò,2017-08-23
4759ad8ea33a44885645ecc9ddb7834eea9aaba4,Francesco Chicchiriccò,2017-08-23
183be626f4e439a60181f14c56247eec5e4a27bf,Francesco Chicchiriccò,2017-08-23
aa50e8ae5863244a07cdd2e229177a590412b0b9,Andrea Patricelli,2017-08-23
e8f2c12bc2d1a3253bf9437e0f8eac5c8c9e853d,Francesco Chicchiriccò,2017-08-24
64a650a4747c43098b64c58379b6133735d3faa6,Francesco Chicchiriccò,2017-08-24
871acf07e20cce83edba217ddb7f7778f31e98eb,Francesco Chicchiriccò,2017-08-24
3f9c71c2aa0f4d3b34a90b903d6c00d612e87ed5,Francesco Chicchiriccò,2017-08-24
9e04fbf0b033e38912ecb59bb9cb01ac35fc720b,Francesco Chicchiriccò,2017-08-25
95268987f5154f30a36695a9e1dd37dc8fa4cca0,Andrea Patricelli,2017-08-25
126a323f5c99bd2f62965492188cff84847fd526,Francesco Chicchiriccò,2017-08-25
a02779a2ccf4ee26953468713a1d2e3722883840,Francesco Chicchiriccò,2017-08-25
5be24a033334a8a15b0c12dfaef1e5326d813ced,Francesco Chicchiriccò,2017-08-25
62d3a901c2bc24c73670591943d0ef1f02d91977,Francesco Chicchiriccò,2017-08-25
1fe2d69375f0d5c3ec99018096f74799a6c8cc49,Francesco Chicchiriccò,2017-08-28
7098ca9f6a46273d5ed1ed0214fd5e1b48eb1a6a,Francesco Chicchiriccò,2017-08-28
f27e1bb4a6cc9281a0e157ba6cda06ccc06e1807,Francesco Chicchiriccò,2017-08-28
1fa7fe115309ffc71e8821644f5279a6b80c2ac8,skylark17,2017-08-29
93b84e7ed4be0a33e5e955df4c15e41a05bb57e0,Francesco Chicchiriccò,2017-08-29
f75f9c2a73859368fd61e4ca1ccd1888f13d9d41,Francesco Chicchiriccò,2017-08-29
43d3792fc8ce93565700579d94c83c05aeaebf8a,Francesco Chicchiriccò,2017-08-30
f15efd5b33f583aab967d7deaf6da255a2aa33b8,Colm O hEigeartaigh,2017-08-30
a0bccf169f8b65e4a8db0627574167756f96b94b,Colm O hEigeartaigh,2017-08-30
337a70bf6d0e9f484fdcac7e5d328dd004b51690,Francesco Chicchiriccò,2017-08-31
b3db3b19e7fccb6445a5b760543722f60e82d86f,Francesco Chicchiriccò,2017-08-31
c4261ab150920d84a7f4095ee22331f235ef6813,Colm O hEigeartaigh,2017-08-31
58983df16678167db27f0a5c0b32e0bd3fc985a7,Colm O hEigeartaigh,2017-08-31
8ce27484a557ea7ee07ffa27134aaeb4215fc172,Francesco Chicchiriccò,2017-08-31
eeef6376354eb042fabff60a6f80da3be86d0e93,Francesco Chicchiriccò,2017-08-31
c329d9029c0598e84de52700a0149cf43b5514f4,Francesco Chicchiriccò,2017-09-01
35eaa6b5bcb2f7abf8fe8b38b059ca5b58d626c0,Andrea Patricelli,2017-09-01
bc7519c5044a319d440a0876428778f66be31c24,Francesco Chicchiriccò,2017-09-01
622b8f7c77996d2c14a7eb08e7600aebe164c01d,Andrea Patricelli,2017-09-01
67de8102bf9b872c8e08b7ff98dad0c1e3c4ca9f,Andrea Patricelli,2017-09-01
89453dd823f325263e74090f415ad9032e704e01,Francesco Chicchiriccò,2017-09-04
6d7a094b96358aab735857243f0864ba38899dd8,Francesco Chicchiriccò,2017-09-04
f01ab7ac2ed5bf6542383b71f4d5c377ede8fb4e,Francesco Chicchiriccò,2017-09-04
810609951c2abc8c99ae72cae149917eb7dc76a5,Francesco Chicchiriccò,2017-09-04
cbb34bfc040ba996b273c42f29feb7adeba028e7,Francesco Chicchiriccò,2017-09-04
a7e8b95a5e585048ff2bbf23bab9e910f4b83527,Francesco Chicchiriccò,2017-09-04
df4bd83c9d4c8374991a57e33a496e93aeaa0f12,Francesco Chicchiriccò,2017-09-05
faba42e2ff3fb725bd05205e5c8b22930e8af7a1,Francesco Chicchiriccò,2017-09-05
00ef0032fcea60f7b0ef48208c2fcaacf803a041,Francesco Chicchiriccò,2017-09-06
cb6f0cfbef6144bf091d0a9c05e03b9680c260d9,Francesco Chicchiriccò,2017-09-06
299db471b024ad54cadade8ce1db0a01b7d46dc3,Francesco Chicchiriccò,2017-09-06
ae34384fd8988897e9bf020a1d8fc9bd9dda4e2d,Francesco Chicchiriccò,2017-09-06
6882751d2aa1b67984d2b4202576568a8af5f790,Francesco Chicchiriccò,2017-09-08
cf2c965a0ab2d69ef783f54d063057ec669f91dd,Francesco Chicchiriccò,2017-09-08
19a0345f6d587e9f85f0106b4b28b95696a943d9,Francesco Chicchiriccò,2017-09-08
5295039bb5443114822d288635589f8b24b43609,Francesco Chicchiriccò,2017-09-08
abe49ab42c6e0f960d2dfbdab2446a0b156bbc5b,Francesco Chicchiriccò,2017-09-12
43518e5cd97cc68ab7f069c80487c621bd757aa1,Francesco Chicchiriccò,2017-09-12
f22c28db1e995f35fd0b6044609b2ee6dee3411c,Francesco Chicchiriccò,2017-09-13
2143809efa19a7128f41ec5d9c03e1ae5ef01ff1,Francesco Chicchiriccò,2017-09-13
928b90c934a11329e741306b50e83520290b9c80,Francesco Chicchiriccò,2017-09-14
88b30869d734cae1c20981734c6c5958d01ca3d4,Francesco Chicchiriccò,2017-09-15
fcb0d833e78b5f733787a9d30c5415817ba4afcc,Francesco Chicchiriccò,2017-09-15
ad6c103c95cc58a62fee3b68b18059b59589ebc5,Francesco Chicchiriccò,2017-09-15
c4ba54c9658f1a552ca567a873a4da0d4f62bdb7,Francesco Chicchiriccò,2017-09-15
6da490da5887d1d82404915a48fe617574d5bad8,Francesco Chicchiriccò,2017-09-15
1fb88619787848f144b42d16d56228c2c3b2c339,Francesco Chicchiriccò,2017-09-15
2cb546fe0ea641a484c2dc1b561a7e63ed8b361e,Francesco Chicchiriccò,2017-09-15
322bee21a3dd7cdb77303a6ac961b8fccd527533,Francesco Chicchiriccò,2017-09-18
220a9464233cd9872ba6763fdf6f4fdf867d2581,Francesco Chicchiriccò,2017-09-18
f292d86ab845a7d0a50327a4eaf1179352ce2f95,Francesco Chicchiriccò,2017-09-20
84a1ae0d8a0bd27bc95aafdc03462951198dc0b4,Francesco Chicchiriccò,2017-09-20
b4a407d847faf9866c469a2e585e70564f8f6bf2,skylark17,2017-09-21
e2ef768b13b2600efc67401ccda9e747e036a591,skylark17,2017-09-21
3aba0a577b21fa6c064ba4a1d0fbd1fe546ead31,Francesco Chicchiriccò,2017-09-21
86e593bda7389025b681e19168bd4a0dff77784a,Francesco Chicchiriccò,2017-09-21
db6cff32f7245e3b08a63689310b331ffd826647,Francesco Chicchiriccò,2017-09-21
5779d3145c122a76b251b5a4d28eadfe0ff1574b,Francesco Chicchiriccò,2017-09-22
d4e098a2916d37824174b026ee7ae9f3004ba833,Francesco Chicchiriccò,2017-09-22
9e24b8eebdcdf78f55956cab8db99501f0d555a7,Francesco Chicchiriccò,2017-09-22
9c289134b3452874d279e83ef300dc8c313d44f9,Francesco Chicchiriccò,2017-09-22
6da028c97a72a9193f742b3d4ef835338e1ade7f,Francesco Chicchiriccò,2017-09-22
6b31e4efae00340702966603c04f75b1bbfd8b18,Francesco Chicchiriccò,2017-09-25
3765af711f79103bc71cc2d35d46e5df439cb0d6,Francesco Chicchiriccò,2017-09-25
678bff96de895026a31640c5ae0557cd281504fa,Francesco Chicchiriccò,2017-09-26
79f96cdd0f37580558a89c95d90bd9e83725127c,Francesco Chicchiriccò,2017-09-27
4fe8d084a6aa51fbf7fbfbf025b100df162bd27a,Francesco Chicchiriccò,2017-09-27
c23c0d513ce05fbec378abcab8c76eb149c8994b,Francesco Chicchiriccò,2017-09-27
e7656e11b4125f33d7fb9cde0db31288b653582f,Andrea Patricelli,2017-09-28
79d51b332855de2d07bbfc2afb639d74bd1cb27e,Andrea Patricelli,2017-09-28
252285a8c9a0abef28338db22208d0ef79739d77,Andrea Patricelli,2017-09-29
243d5ca466b5dbe7191f485ebe041190ce83e6c3,Francesco Chicchiriccò,2017-09-29
428857e0fda5abedad7cf3ed941f4306b804a39f,Francesco Chicchiriccò,2017-10-02
17a8eb5d99a84608a64927b00e7d9352d640517e,Francesco Chicchiriccò,2017-10-02
45ad6f5595e4063a4840f476616682d49e59d164,Francesco Chicchiriccò,2017-10-02
cf9a1881eac25e0e24c516faed1ce3df66d73596,Andrea Patricelli,2017-10-02
a23abdf3eae907839a64ce7f9f82d6296626f38a,Andrea Patricelli,2017-10-03
a1210cffd652ac8c348815095785446e05f39556,Francesco Chicchiriccò,2017-10-03
3981685eacf255b05c08437081a97decc749bbf7,Francesco Chicchiriccò,2017-10-03
b2fa0eb8b122afd6b5a31135659e6e37242cad8a,Francesco Chicchiriccò,2017-10-03
8b61a2244e3f4aff87732221c9296b4032a71b4d,Francesco Chicchiriccò,2017-10-04
d41b96a58fe960026c2bd8588ca823cc967fc110,Francesco Chicchiriccò,2017-10-04
fb0118944b9af52ca9a230a54741b3d8afdaa894,Francesco Chicchiriccò,2017-10-04
436153b3a0c3d4421b33288263c09521e51eee71,Francesco Chicchiriccò,2017-10-04
a35265d28fb5f6bcd62c0f5defe7e07abd97e7fd,Andrea Patricelli,2017-10-04
55ced8b280f58c73af4e8f2258830d9492f14277,Francesco Chicchiriccò,2017-10-06
4a09ce282342c2c2a44a5d068b5304fa939d920b,Francesco Chicchiriccò,2017-10-06
2203133a7bd5953371965c7c88f8f7c2366852e6,Francesco Chicchiriccò,2017-10-06
e8e56d521fe35ba6d91d77004432ceb80b5ae62b,Francesco Chicchiriccò,2017-10-09
d5b5792269ed931100ac9b6526790253c4133763,Francesco Chicchiriccò,2017-10-10
cea47da1a1510446b7bd62fbc8e45cc8757d6611,Francesco Chicchiriccò,2017-10-10
b47d4328687d173dfd220f6e6f107f042438d8cd,Francesco Chicchiriccò,2017-10-10
9889072252105c0f3c029ae188a12ead3aff542f,Francesco Chicchiriccò,2017-10-10
f08a17b1b8b619390556b229f293ee53d0d85527,Francesco Chicchiriccò,2017-10-10
2ebcff24333ea7f9c437c4729d89bc952f1bd933,Francesco Chicchiriccò,2017-10-10
df35f9ca9009a3a51f43d9d8643c73b80162cfde,Francesco Chicchiriccò,2017-10-11
761d1045e5d0ce147271f1780b15d635117e056a,Francesco Chicchiriccò,2017-10-12
a9f101cf226c33d686058cb9133a763e63151934,Francesco Chicchiriccò,2017-10-12
3ad5a7d7bdc9dc5709de4979b666eda72958b7ee,Francesco Chicchiriccò,2017-10-12
2262c5227543e4952ab9a3e0f7d8d779a7a34d67,Francesco Chicchiriccò,2017-10-12
6edd8c772c62b3a3bd611fa9cd5eb0b7faf7e7e6,Francesco Chicchiriccò,2017-10-13
d641ee2228dd17615f04a6386619d749ef0363d6,Francesco Chicchiriccò,2017-10-16
a799dbc0bbcce4635ab41cd8e6867431aa434702,Francesco Chicchiriccò,2017-10-16
fdc991aa67cb9d3093948d7bb87f6b70317aa825,Francesco Chicchiriccò,2017-10-16
1d74b79c26f38c33675b83e0cd7610c466210207,Francesco Chicchiriccò,2017-10-17
13ab04c345e34b53d54fedc2f67bf333be3dca46,Francesco Chicchiriccò,2017-10-17
dd152d87dfa21770c77d902dee759899214a6aed,Francesco Chicchiriccò,2017-10-17
b59af727695281420bf75136253f142d0b29f18a,Francesco Chicchiriccò,2017-10-17
01dba343087df9b0f8f4b8c66f636b9ea9aa6f18,Francesco Chicchiriccò,2017-10-18
20f5c70e80b8004bec66782bebb061e63f32e720,Francesco Chicchiriccò,2017-10-18
03a71f3ad0d397dfc6542d997868d0f5fbf48909,Francesco Chicchiriccò,2017-10-18
ffc4374ae0bb46914646b6d6a9d33f2ee324c3ea,Francesco Chicchiriccò,2017-10-18
ed30ef8006a983fca5136407a6643a0806286297,Francesco Chicchiriccò,2017-10-18
0984dfd22cca30034933941fc9f804e5922bb8c1,Francesco Chicchiriccò,2017-10-19
3f47e9bdee9e8ffeb606b2717e34ecbfe2801fb4,Colm O hEigeartaigh,2017-10-19
17174c7a3f2288a598cc6b1e216fdb811f18659d,Francesco Chicchiriccò,2017-10-20
52bb4b3097c9b8da70e6215f9a213cf3053fd532,Francesco Chicchiriccò,2017-10-20
21dff17927ab0df646de8d550aaaeb386571fe45,Francesco Chicchiriccò,2017-10-24
cd5a28aad3d378f489b4c9bffd1c4f6735219359,Francesco Chicchiriccò,2017-10-24
4a0b748dae05a017562b781bc75dd30c025c7601,Francesco Chicchiriccò,2017-10-24
d0d0909817e948e262711cada64a95e83eaef3a4,Francesco Chicchiriccò,2017-10-24
484ca14cc5d949c33655cffa06f0eaecacd152c7,Francesco Chicchiriccò,2017-10-24
cd720ceb2e96c9d0adda012a62ace16b4a5497bf,Francesco Chicchiriccò,2017-10-26
6ac6a83e9423bde8bdf3918d526fe75acd8b329e,Francesco Chicchiriccò,2017-10-26
869b113de34c7e12853f624ce1b781eff8d1c3d9,Francesco Chicchiriccò,2017-10-27
bc3c6e6165b670c6c0fb0c1951dfa1f45875c6cb,Francesco Chicchiriccò,2017-10-27
5697a5f90a9e26547012f37040efff1eba90ba34,Marco Di Sabatino Di Diodoro,2017-10-30
f04ab6c26e99ae0a5fe19915e303fa965fcd6332,Francesco Chicchiriccò,2017-10-31
68ab1fbed71e60ae9f4abbd8c89456a6e6849af3,Francesco Chicchiriccò,2017-10-31
3a9d872f17e180784a52b2f0fa28649b2d02d3af,Francesco Chicchiriccò,2017-11-02
cd731aa1b81664539bc7f818d6e111ad4e697d1a,Francesco Chicchiriccò,2017-11-02
81a030bd7196a54205deaadea12df3f8c8703b9c,Francesco Chicchiriccò,2017-11-02
3d4f233ccc73dfb68759461abdb75baacaf25d25,Francesco Chicchiriccò,2017-11-03
ad7bb3225531b0382f3625fc6d4ed197c38325ce,Francesco Chicchiriccò,2017-11-06
9129ee05f76ed6cd525622731c215ce3a4b5d781,Francesco Chicchiriccò,2017-11-06
4989ffd040f82cd76fba0d52b61cb9b8bd405ee5,Francesco Chicchiriccò,2017-11-06
5fdbc0473a669f26b53184ff4204b01c82771e22,Francesco Chicchiriccò,2017-11-07
ada9de66530ad79be5a22ae1fb558d9bd7efc64e,fmartelli,2017-11-08
3e7fe07fa39e497353d030debe6eb5a7fe1dee11,skylark17,2017-11-10
bb6aa1e16265076832e94725383ed363c9c2c215,Francesco Chicchiriccò,2017-11-11
bb9a4f7a00c83358415099d1513cce1c63d12f0a,Francesco Chicchiriccò,2017-11-13
e76828e13700f0b156a65ea612cf515c465568ff,Francesco Chicchiriccò,2017-11-13
e787790ad11417367739f65e34c5b2bd463f4f6a,Francesco Chicchiriccò,2017-11-13
e7f03f43dbe72d036a6df1da56dc0db26045dcae,skylark17,2017-11-13
e3ac8999d2ffe6fc87b4558453a59d797a8c61c0,Francesco Chicchiriccò,2017-11-13
7cd228925e538bd7743a22ac923bdee4b30a32e6,Francesco Chicchiriccò,2017-11-14
f96afc989569cbaff7af4d2f1acee746fe67b6e1,Francesco Chicchiriccò,2017-11-15
4434d414511f9b730616dca0384d71321df971f5,skylark17,2017-11-15
16f955516f3320ab96771952210b84e7f059586b,skylark17,2017-11-15
37c709727e8f4833e38580404c0145d1472b91ef,skylark17,2017-11-15
5e83b3787c374893ccbe5ab8dab30b450d2a2a42,skylark17,2017-11-15
07c7e777a25c58c1b97a73e3e945e27402c1d82f,Francesco Chicchiriccò,2017-11-15
33daf27daa55a3dac382f811f916b4d9e5679b65,skylark17,2017-11-15
39d507d4945489546cba69cb160996d4798c72a2,Francesco Chicchiriccò,2017-11-16
a6cf810946f8f6073bf072af15673c24db6bca9d,skylark17,2017-11-17
5160637693339b554499e383921845f158b316fe,Francesco Chicchiriccò,2017-11-18
30d90566dfe89adbeae9266ad0368b643a806087,Francesco Chicchiriccò,2017-11-20
f670e2fa38d0862c9b5d15639e8fb8dee5770936,Colm O hEigeartaigh,2017-11-20
31f14930a922767739bda12d46c96bc4962e3977,Francesco Chicchiriccò,2017-11-21
b9cac817f8259895c7475a56c08d742f11174fd7,fmartelli,2017-11-21
e611d3e0d2a7bbce1d8114c56528777412795909,Francesco Chicchiriccò,2017-11-21
3ce928120d58c836bfe10addc4a549d1d049c48a,Francesco Chicchiriccò,2017-11-22
26edcb87c645e0a4ff2bacaec576e09d96709b96,Francesco Chicchiriccò,2017-11-23
603e22a6736dca990fff7fc72af80381b101a0ea,Francesco Chicchiriccò,2017-11-24
dc4138569c12d1fefd587441346563c8c57dbbc9,Francesco Chicchiriccò,2017-11-24
1df2abf0c483ee0538751f0778fba3475439ebbe,Francesco Chicchiriccò,2017-11-24
a3fdd6afd14481713d40b58b16ca106a0f4ae447,skylark17,2017-11-24
6b0423630a9bec2f7c393a4a196a063bfd07aeb2,fmartelli,2017-11-25
0bd705889de7038991c7297426f8af0fa099d57b,fmartelli,2017-11-25
101858dce385aa1c26b03ccfe5a546e0332f515d,fmartelli,2017-11-25
105631375db60c2e4956d7d6a16dbcb4884cfc4c,fmartelli,2017-11-25
d49db50e8708d79244986748c0a06cc17c71266f,Francesco Chicchiriccò,2017-11-27
c6847708ca13e94c5b0b9f9d974c380fc2cd7e90,skylark17,2017-11-27
131c94598bf232265a083aacf85ba4f3a91d00e2,Francesco Chicchiriccò,2017-11-27
60c4dc330971ea01a3b11ed3c0a8bea0bb9fac76,Francesco Chicchiriccò,2017-11-28
63ea870ef87301bc75708ba2de5870e7549dfe9f,Francesco Chicchiriccò,2017-11-28
74a657a8c1de81be4c14d9b04fc9cf31ebafb3de,Francesco Chicchiriccò,2017-11-29
ddaa970fbbf9f2924d8aacc4ada943604cdfbcc3,Francesco Chicchiriccò,2017-11-29
5304f2eb2a02c56e7daf87abaf1b744bd4c04854,Francesco Chicchiriccò,2017-11-30
189c5ccacc023828562fa1200819857c59459d84,Francesco Chicchiriccò,2017-11-30
f0018fe490d54397643edaa52a8d524472fca344,Francesco Chicchiriccò,2017-12-01
87354d8705b84a57b98a4ff143c3607949acf7ee,Francesco Chicchiriccò,2017-12-01
8ba67067cda8062a33c5187bf3b067d0d3462241,Francesco Chicchiriccò,2017-12-01
7f56fdbdb9b4321dde61718a3415192f4b220146,skylark17,2017-12-04
22197406c9603f49280c7832f1a78929f38cc428,Francesco Chicchiriccò,2017-12-04
34cb1fa9ba2e9a902378bb141f351910907c9b8f,Francesco Chicchiriccò,2017-12-04
bf34f2c99befa5f0c54ed7dba3298e26131bd364,Francesco Chicchiriccò,2017-12-05
228e10e28da14362733e9ad3901756526d0e5e5d,skylark17,2017-12-05
597a57f1ae4e36f93ed2fd9258d901a171f4f81a,Francesco Chicchiriccò,2017-12-05
1d11d9764bd56e2aef3986d95558305814206024,skylark17,2017-12-06
068e696967fdfb81ba1c025dd5fd8b2a01835960,Francesco Chicchiriccò,2017-12-06
7eb8c1a0a89ef10ec68c85d7ce535bf1f3aff318,Francesco Chicchiriccò,2017-12-06
b19be0e14d7d1df3952f3c35a230d552baa098ae,Francesco Chicchiriccò,2017-12-07
f1b3fcfe6019135a68fd053eec6faae36948324b,Francesco Chicchiriccò,2017-12-07
6e55cb1150e2a84e9d38755675e8c8b069bacee2,Francesco Chicchiriccò,2017-12-09
013c1de03f77e558d46cf4f207ec5c648d5b9dd8,Francesco Chicchiriccò,2017-12-09
f2e8214e9872d314703e4db4ba36342c3c4e0b42,Francesco Chicchiriccò,2017-12-10
77b6cbe74f368f99875ac9d67d1c85d337aebf80,Francesco Chicchiriccò,2017-12-10
003982086477f7258d60becf72ecdd12424a6789,Francesco Chicchiriccò,2017-12-11
d784ae297c79df8e7d9a7c5dec1677d716422ef2,Colm O hEigeartaigh,2017-12-11
461a03d2935012b268794ffda5723e0ee84b8653,skylark17,2017-12-11
0d513169041069aaf7aed7e87862c8a06c496a50,Francesco Chicchiriccò,2017-12-11
c2c06a985efae35bba59f16a77d97696eb7eb39d,Francesco Chicchiriccò,2017-12-11
87041307148d79b78a81ba0819f16bdc8a2401de,Marco Di Sabatino Di Diodoro,2017-12-12
59295df483dbc10eb681963ed4e0152f5e19dc62,Francesco Chicchiriccò,2017-12-12
0c411285d63efdb59ce301fa87ecbf067e74a633,Francesco Chicchiriccò,2017-12-12
fba4a8bdcaea1b848852c4e4f7d6f6802a1d99fc,Francesco Chicchiriccò,2017-12-12
5d259daee8eb0753b686d1ce0de23b8b39c172de,Francesco Chicchiriccò,2017-12-13
a69afb927da75431d4963fbf62ee124da4f0aa3f,fmartelli,2017-12-13
3df09968936118ce9a36ac438a8d0a6bf498990b,fmartelli,2017-12-13
e2f36939957970ef39b822c611b65d17bfcec1ec,Francesco Chicchiriccò,2017-12-13
265b2a7d7b72634716c58be8d9890a0244888367,Marco Di Sabatino Di Diodoro,2017-12-14
76c1140167e59386ad2854ffc7f5ba00fc21e503,skylark17,2017-12-14
471c0fa67b68c37e8fe974b408079bc4e3c7c250,Francesco Chicchiriccò,2017-12-15
814fe4ae659b7c30137d87c83ac5cc2a50fae8fb,skylark17,2017-12-15
c6e74231de2610e6296e73055aa9795cc2e13b90,fmartelli,2017-12-15
f15aedd54517be34f73cba5ed5b456d99b0717a3,skylark17,2017-12-15
d783a23de5f2d4f13f9922d11518c9e31f520f1c,Francesco Chicchiriccò,2017-12-18
2b07e5a686b65ad56354f3895bac4edb6fad590a,Francesco Chicchiriccò,2017-12-18
9c381eb19761b7f768c1c7c06f529794c15e72ec,fmartelli,2017-12-18
c1f260ef18bdb25198595f8a953e0368aacaf79d,fmartelli,2017-12-19
d701a03fbaa84c079f8442608e279c5c60981160,Colm O hEigeartaigh,2017-12-19
ec7612419c3ed3f2bd582c67fd5cb5e617fd898f,fmartelli,2017-12-19
44a818844233e2e7560b4a5d6608c7df535adc18,fmartelli,2017-12-20
65f19aaf58fac746ed43ae16af7e9a33a1f10c02,Francesco Chicchiriccò,2017-12-20
496aeb439e1b8501db02a9ca25880af9951b340b,Francesco Chicchiriccò,2017-12-20
720b48f9757bff2e70f1e6550e48a082db3ef670,Francesco Chicchiriccò,2017-12-21
f5905afc133ab3cfa79e3689ed936422608ca9ec,fmartelli,2017-12-21
53d75cd0fd1b5602cf6a298c3037560f8ece1193,skylark17,2017-12-22
8a8f608fbc068ef84d2b22083633edcd354f36a0,Francesco Chicchiriccò,2017-12-26
06c8e7289fa7554991f8111e94648d16721c7b5f,Francesco Chicchiriccò,2017-12-26
b3af58c1eb8179d70c6c450010f3c049e87664e5,Francesco Chicchiriccò,2017-12-26
75ee922abd7072ef1d87824e1388eaa5facfcd04,Francesco Chicchiriccò,2017-12-26
0942cdbca18dca553995de181f5c3f921e64c473,Francesco Chicchiriccò,2017-12-28
92f4d703850002f9ead3c91d0f05dbf2f889c865,Andrea Patricelli,2017-12-28
3f4b59f6768cb186d6c2e065d7874a44ad13dce4,Francesco Chicchiriccò,2018-01-02
2ff7745e14970d527ce52f0f4f08faef48eb4dbb,Francesco Chicchiriccò,2018-01-03
29c4cdbbddf5b4816557c7c4d579fcfdc24aa417,Francesco Chicchiriccò,2018-01-03
566b50b3621bb7289560f23168653ccb17c22ba4,Francesco Chicchiriccò,2018-01-03
e153982e45918bfb3454c193c87d1a784ee415cb,Francesco Chicchiriccò,2018-01-04
e968391329134076a5db9ee24e187993035f467e,Francesco Chicchiriccò,2018-01-04
e975c6c7eee250bf1a1fceecfa4ba6064a043ada,Francesco Chicchiriccò,2018-01-04
a8dd6b794e85488e2281de4a2027d727fcdbd061,Francesco Chicchiriccò,2018-01-05
4f005ef8f5d33d9a38c169826973731012bf3eff,Francesco Chicchiriccò,2018-01-08
f868f0a9ad0eee669985f848dcc467db751b3cf1,Francesco Chicchiriccò,2018-01-08
42c861c6eea78a493f1b903ffe3897d922960a90,Francesco Chicchiriccò,2018-01-09
28feb3100758ecaf640bf6435129e30abc77a668,Francesco Chicchiriccò,2018-01-10
1174b1d972287f535ded6168ed8660c7519ad584,Francesco Chicchiriccò,2018-01-10
581648c89cfa3daf6f8bbca27bb4a8205255a707,Francesco Chicchiriccò,2018-01-12
0c2e4ba0c340d66d23bd9fff516151384ce59fc1,Francesco Chicchiriccò,2018-01-14
828d1bc1d364c96ab149eb96049cc577348a3ee9,Francesco Chicchiriccò,2018-01-16
810c976ae454f7a092375cd44bba9adbdfc3a670,Francesco Chicchiriccò,2018-01-17
ec9769cc879607bc33d8173eb3a38543dd26cdfe,Marco Di Sabatino Di Diodoro,2018-01-18
8d615ab3a26f0b4012622f6eb6a69a43842957a0,Francesco Chicchiriccò,2018-01-19
6d7fb400d2ec9d96b96532fca9ddce6ef0596d37,Francesco Chicchiriccò,2018-01-19
227f085161f3027d1ab200a07d8460f3a644b75f,Francesco Chicchiriccò,2018-01-22
520cdca7cd744dc6919c8d28acabe58fc5b19491,Francesco Chicchiriccò,2018-01-22
a4c44db1423787d72b64d10cd67a0c9adf2f8c32,Francesco Chicchiriccò,2018-01-22
b9649c49f048d42cc634476dcd858d06c6740ddc,Francesco Chicchiriccò,2018-01-24
079f65552e4b76c62aa94c9553cbdbed6d7b4465,Francesco Chicchiriccò,2018-01-24
046c354bd61f9889d7e59b71e0fe550d428e6ed3,Francesco Chicchiriccò,2018-01-25
90ef367412c333f44042b9bd3b7d43601dbda252,Francesco Chicchiriccò,2018-01-25
48cc9d6acda6bc28fdfca1a73a3d4f8df2e4460a,Francesco Chicchiriccò,2018-01-26
c1975406a9fa6e46b8157ee5c4f866615cc5db2c,Francesco Chicchiriccò,2018-01-29
78af1481312217b78cb41bd1dc292c6e25324c23,Francesco Chicchiriccò,2018-01-29
8bdfc43b0e1bf00db3b327ec8e7d3c319f2e09a8,Francesco Chicchiriccò,2018-01-30
847167650d22669f0e254752c4fecf3525512631,fmartelli,2018-01-30
f278a97a2935bcc982881483aa3cba005d94de88,fmartelli,2018-01-30
41cab68c5c879cc5ed5fc54a81a41949fed9a7fa,Francesco Chicchiriccò,2018-01-31
889f71c9b8e23101b0815d6ef708baa63b888ecb,Francesco Chicchiriccò,2018-02-02
169a3c0ff9dd466c966f9b58c2b543519daa4e24,Francesco Chicchiriccò,2018-02-02
f34f1f40da821466f39f83ce73dad54290d667e9,Francesco Chicchiriccò,2018-02-05
52c0ad3f2f5d6259ce583a0817ce2dbf10ceecf4,skylark17,2018-02-06
7655849e495a52c3ca77624a0065a046afc19bfc,Francesco Chicchiriccò,2018-02-06
f1864b00d8e6db0b5ed9c3fbc240818a90d3f92c,Francesco Chicchiriccò,2018-02-07
233c6685bee23d98757f84d10acf9af1515520a1,Francesco Chicchiriccò,2018-02-07
0461265f47a61d407397d07fc37ebb6741b396e1,Francesco Chicchiriccò,2018-02-07
43fcd1d6af0f05e618a40cee8b0ba6e5978a7b0d,Francesco Chicchiriccò,2018-02-07
5711421da1f69e7bf7080547cc46a09a319b794a,Francesco Chicchiriccò,2018-02-07
7423435ae55961c55813efac6ae4df700811b3ef,Francesco Chicchiriccò,2018-02-08
49d50e0fe03af210e1073035894c01d338b44ce6,Francesco Chicchiriccò,2018-02-08
7cdac744f5745b880a5f57c72f029c9d22aad409,Francesco Chicchiriccò,2018-02-08
0b7d8eca95ca3cfbca4530ce74b8ebc2413f3877,Francesco Chicchiriccò,2018-02-08
4bace6c84215c59048d5b180f489c9393b4d42e3,Francesco Chicchiriccò,2018-02-09
90e3b09ab1051d9777a537f77aa971e5f90b82f8,Francesco Chicchiriccò,2018-02-09
2746a6f939d5bf27af696ac9589f7609ee5c86a0,Francesco Chicchiriccò,2018-02-10
be4f145f917117f9d69e084433d90ca56691d870,Marco Di Sabatino Di Diodoro,2018-02-12
38f0b58a59a11044d3cd568b57954d99afa8029c,Francesco Chicchiriccò,2018-02-12
dd638b27f631e1b882c113976f94ca3ca4da30bf,Francesco Chicchiriccò,2018-02-13
0e93bec6c37c9d8a2d0b1d69613e8173cd49726e,Francesco Chicchiriccò,2018-02-13
b0b0e3294dd893d44845295f6a0f570d33fcc607,Francesco Chicchiriccò,2018-02-13
eb1cd3ff22d099c3c4978f56d104433f5bc23f31,Francesco Chicchiriccò,2018-02-13
7958ebd48fadf04ad4b6d4f8a10507b6d5d078a0,Francesco Chicchiriccò,2018-02-13
5cbdfe7bc58c37a026226b743d2ed9685ad19c37,Francesco Chicchiriccò,2018-02-13
08c1aa43b3f6a3e700bf3675120b5315c0dffb3a,Francesco Chicchiriccò,2018-02-13
49ca71d8c3d3d1d9c126aa9fc9808dac2b3b0d5b,Francesco Chicchiriccò,2018-02-15
64bce59f3b5e1f222bbd0ae35c8dea16c392ba2d,Francesco Chicchiriccò,2018-02-16
b287058182150dd499e1439d03105e975a0e721b,Francesco Chicchiriccò,2018-02-16
259c4a94df3120c2a25965067e71a7866c7134be,Francesco Chicchiriccò,2018-02-16
36e5aa9019dcc5cd948cc48d3dc10359b5f2b277,Francesco Chicchiriccò,2018-02-19
6498a0bf7186d4a5c68ae27131e74f743064f0b7,Francesco Chicchiriccò,2018-02-19
9ff420c4b3cb915267292e7a6f5227ae9549c49a,Francesco Chicchiriccò,2018-02-19
711d0c02c8f37a330325d8815e7f8b18e9599ff8,Francesco Chicchiriccò,2018-02-19
e725c72b30ce44e4bde02fac6b456a0b01318950,Francesco Chicchiriccò,2018-02-20
d3de6722d991281e8fecc9050c1fd40cbe3362e4,Francesco Chicchiriccò,2018-02-20
9574ada8c2893ebe4ffd87e9e4832df1cd534f05,Francesco Chicchiriccò,2018-02-20
78cd2eba42dffc1609b2d8b606fd6d7e1ef27660,Francesco Chicchiriccò,2018-02-20
0ee44d88c519da839d0310bc6c1d74d9376054fc,Marco Di Sabatino Di Diodoro,2018-02-21
887546b82da5b8c0f7ae8a87f03eee74147efb0d,Francesco Chicchiriccò,2018-02-21
eb2cb8c51fbb626150a451cf421262f0b8d913ec,Francesco Chicchiriccò,2018-02-21
a40f74b10a735fcef20e0ad61a61fe075d29e609,Francesco Chicchiriccò,2018-02-21
691693cb553e68eabdac7369d24a914b8b8cf181,Francesco Chicchiriccò,2018-02-22
ccca7072caaa538c28818195e6d744fc61ac1a6e,Francesco Chicchiriccò,2018-02-22
28aefb5afe053506f0738128f7bbfcf1087599a3,Francesco Chicchiriccò,2018-02-23
2a9cf78af4101f0f8c4d5b05e09d91304f5b175e,Francesco Chicchiriccò,2018-02-23
b4b12bd45f2e07651be683e17fa95fd51c21f855,Francesco Chicchiriccò,2018-02-27
2d2702a0a4f5accd04e305fcb6e0adc9fca0428c,Francesco Chicchiriccò,2018-02-27
dffa08696cf244eb83210c2a5ac9405ed94b2f09,Francesco Chicchiriccò,2018-03-02
d50562757b1f5e2c90294b763bac920025e208a7,Francesco Chicchiriccò,2018-03-02
e073cc43225bbeb4c8ea670750b8f5a0829d6676,Francesco Chicchiriccò,2018-03-02
4f6fa1a252f399b225df4c7a73c66201b1ffbd51,Francesco Chicchiriccò,2018-03-02
772206a4cb0cadb5ace021e3608d5fcd5b78f505,Francesco Chicchiriccò,2018-03-02
161472d5546f5470ab3e84cf1819d477ad7316bf,Francesco Chicchiriccò,2018-03-05
3e36930168db1486dde7cadc3c265f817cd9fc5f,skylark17,2018-03-05
e82e43cdd1ecdd7dcb1cca6d2a0e003c736b56cb,Francesco Chicchiriccò,2018-03-06
f36457bce55c641ebce5153d448b8b8e5b9e5b53,Francesco Chicchiriccò,2018-03-07
e550506eeb881e40130e68fffa9a9d6561af4782,Francesco Chicchiriccò,2018-03-07
320438f751d5a6a04be06a97f3284ab07d3586c7,Francesco Chicchiriccò,2018-03-07
0c1f92afc7531d6c6be70933ecae4bc81bd1acfd,Francesco Chicchiriccò,2018-03-07
83531c9af77d484229581dd28f9cc1ec6914ae69,Francesco Chicchiriccò,2018-03-07
45124bdec015fa615fe2df19a146a24c9af234e1,Francesco Chicchiriccò,2018-03-07
1edec313dde8e81da0e30dd639f7144f94a9d4ab,Francesco Chicchiriccò,2018-03-08
717289bc10b6f3b204cb6d14881f530174c62359,Francesco Chicchiriccò,2018-03-09
7b168c142b09c3b03e39f1449211e7ddf026a14d,Francesco Chicchiriccò,2018-03-09
66cab60cac83042ce4823488fe01b8604dfe7ef1,Francesco Chicchiriccò,2018-03-09
696a098e5ad5b648cb72f04ce335e131330eb98a,Francesco Chicchiriccò,2018-03-12
7c53afa087bec1743e3b9f561093dace34e074b9,Francesco Chicchiriccò,2018-03-12
eeb54463494a278e21399f9e55a9fb1bde6798af,Francesco Chicchiriccò,2018-03-12
aee229951d495cd52e60eb27463d58f4ebcf2ac3,Francesco Chicchiriccò,2018-03-14
5724a50ca71a6bd07cc8aeb43e0ec1a6d5e22961,Francesco Chicchiriccò,2018-03-14
425f9b9ed1a26fa016d8799ccb611c24cf25a04a,Francesco Chicchiriccò,2018-03-15
d52636ba8e64426a32e23a88d2072c29e4ec1307,Francesco Chicchiriccò,2018-03-15
8032c6e0438160badde52adbaceefd0a641920cc,Francesco Chicchiriccò,2018-03-15
3077c6d3b36cb2634f5cba05d35ee7790e878907,Francesco Chicchiriccò,2018-03-15
094f528b6e3aa883db869468c04f1abc5de5c75c,Francesco Chicchiriccò,2018-03-15
1976aa9ed25fef6b3ffb5eab42c7f8241614f944,Francesco Chicchiriccò,2018-03-15
bdabec04b4c6f4dd1e7815a64b5f3a57265abd25,Francesco Chicchiriccò,2018-03-16
3b884e0c1b9dfe4eed192a444588f827ff967744,Francesco Chicchiriccò,2018-03-16
72c5885d989528188c0d7f7c27185f4ea5939fff,Francesco Chicchiriccò,2018-03-16
73f7e0f24a045b8024d6c3ea3e16eed8bde24610,Francesco Chicchiriccò,2018-03-16
7a3dd4bc34ab4492c833e8f06e4bf31d23f4afff,Francesco Chicchiriccò,2018-03-19
ce95658990cd693a2eec4df6e9d76fb35295efe9,Francesco Chicchiriccò,2018-03-19
ea4fb50be96f202d730702d3f8f962baa8ba4cc5,Francesco Chicchiriccò,2018-03-19
076cc74c46e99479f21ac7e81aa64a3bee8c7764,Francesco Chicchiriccò,2018-03-19
8787624d041b9bfa9417f12e8ea3eca57d6b5813,Francesco Chicchiriccò,2018-03-19
410972518a21761672860f1d2e3e411592006c16,Francesco Chicchiriccò,2018-03-19
a413dbca5d69a18a76ba8fc2380fcbe40d4cfd02,skylark17,2018-03-19
fb3a30e6ec8440354546804396504178e94201ce,Francesco Chicchiriccò,2018-03-20
a7111f5f445917d6ee682039c88e986ee6ef18d3,Francesco Chicchiriccò,2018-03-20
b10fc06a9696445f2643c3688a0bf1ce9e5f276e,Francesco Chicchiriccò,2018-03-20
cb42911816b5006dbc720de1dc2d83946c9376bc,Francesco Chicchiriccò,2018-03-20
3fa2a5aaa7428a90611eb80006033cb1f6a5aca8,Francesco Chicchiriccò,2018-03-20
07f3eaad67c3116d7f538758a4d5ad4648c7a6df,Francesco Chicchiriccò,2018-03-21
86039f5592842446c62d9e8dd2c2fb9f0c8af097,skylark17,2018-03-21
1669101c975e3045b58a561348b5f4f97dba39c5,Francesco Chicchiriccò,2018-03-21
9b1c26c79ccdff65f5b9df0aeba09e488b077235,Francesco Chicchiriccò,2018-03-22
b0179eccf2669d4e9291ae236c9708c5ac334307,Francesco Chicchiriccò,2018-03-22
2dfefb487d3e4b2fd59595a4e696b1dbcf78e318,Francesco Chicchiriccò,2018-03-22
bdfe3e0caed559154cd7b51a9638222c9cca957f,Francesco Chicchiriccò,2018-03-22
d9489063858f04fb1527b182408bb147f52c6a4a,Francesco Chicchiriccò,2018-03-22
a9ac69e9846d094974ed926cd6f3dffd2991a537,Francesco Chicchiriccò,2018-03-22
b20cdc5024cff013de4f759043acd9d52ed457e2,Francesco Chicchiriccò,2018-03-22
33af79ad92aa1522ebe49288e70168f9d32567a9,skylark17,2018-03-23
04c74c11671d2fa140279dd357813ca911f83e25,Francesco Chicchiriccò,2018-03-23
c841bc422d466e9f1deaefb3e969b337e60dfa2d,Francesco Chicchiriccò,2018-03-23
09dd7282ea6cc25ef45412733eeda1419a6d83cc,Francesco Chicchiriccò,2018-03-26
8bcf2c7d347e04ff7e53428cb06a0e122ac91451,Francesco Chicchiriccò,2018-03-26
a9e83e85b5dadb24a71b6b0ab12e3ba33fe9800e,Francesco Chicchiriccò,2018-03-26
cde6c5bc6ee611b138996ee57cf7fb031a55560c,Francesco Chicchiriccò,2018-03-26
4a7a5c4a675a7099a35b3b6e5df01c7d52d9a1f8,Francesco Chicchiriccò,2018-03-27
2dda89d2196c13fc5d8deda735d7ade4e0823d02,Francesco Chicchiriccò,2018-03-28
59a3422e4f1b2ee758590aead03c085a8e1b79b1,Marco Di Sabatino Di Diodoro,2018-03-28
51b314fe514695a79b3f0e39e8b1f06dd49dbebc,Francesco Chicchiriccò,2018-03-28
ec63a29d1bbd029c75816a3872c0b61d63df3847,skylark17,2018-03-29
1135e3b7791d75494ca1f42340435cccb21602fd,Francesco Chicchiriccò,2018-03-29
32ef855eaed77084f1b353953af49c169eec4a63,Francesco Chicchiriccò,2018-03-30
7ba7658841f8582fd5c5fa7bf77c47914d5e003a,Francesco Chicchiriccò,2018-03-30
ebd04afec4458ad1e79b8985d890611b31f27dff,Francesco Chicchiriccò,2018-03-30
837099618652d30078eb8d8759ca0efcaddcdc6b,Francesco Chicchiriccò,2018-03-30
80083118c9bdd9f2e45803de16a5e21174474a9d,Francesco Chicchiriccò,2018-03-30
16c4f5be00daa4db1c67bc29a90534aab91c167f,Francesco Chicchiriccò,2018-03-30
44c9d6ce5a39846a5306633541b4d2e03e2bdf23,Francesco Chicchiriccò,2018-03-30
0a5322552e70ffb0bb69c231f20c4ee130110a46,Francesco Chicchiriccò,2018-03-30
a8eff1cc21d4dd6768472dde169836793080f7a1,Francesco Chicchiriccò,2018-04-03
8ef021e23f67027dda842559029fd65788beb865,Francesco Chicchiriccò,2018-04-03
de75581b61aacc19b5aba39224160294a9deaae2,Francesco Chicchiriccò,2018-04-03
a346bbf6abeb25923fe780bbae0df29735d80f28,Francesco Chicchiriccò,2018-04-03
f171ed2aeb6de42a5f0f2430d073fe2d9fb0af16,Francesco Chicchiriccò,2018-04-04
4e781f4a7457248e5e1566a1ca35dbcf5f139287,Francesco Chicchiriccò,2018-04-04
0bc714db0c8ce5a68708d49ac1796ad6d21c3a25,Francesco Chicchiriccò,2018-04-04
95ee2ffe810336f3bf785e2d231fa15e71630919,Marco Di Sabatino Di Diodoro,2018-04-04
a8ae113d902e33ba27e03dd5d250187868f45c41,Francesco Chicchiriccò,2018-04-05
51c60a7a134f7680b7f604f34b1a9c4acc5ddab6,skylark17,2018-04-05
0418b4578388227f92d2e86a9c50b4a267d53465,Francesco Chicchiriccò,2018-04-05
a227c9ea61d8c3f549133e8ee5719bb080d529ce,Francesco Chicchiriccò,2018-04-05
c66c373ae28e6d404f7a0156d493a27f5980b21a,Francesco Chicchiriccò,2018-04-06
1f8993e33d7f41f0c8d6d43a4688ff04105aefbb,Francesco Chicchiriccò,2018-04-06
2dbd5993a0678da0b606dea4099bd493006d6cf3,Francesco Chicchiriccò,2018-04-09
3467037e805dc4517a880912c73a0e2b5cb57baa,Francesco Chicchiriccò,2018-04-09
fba78f0702d74c275786c3434de1fa1673b92030,Francesco Chicchiriccò,2018-04-09
eabaeecb35a9b37386cb5a3131f06e6253bce79b,Francesco Chicchiriccò,2018-04-09
e8e189aaf32fd8526469d3528c6c38efe38d372f,Francesco Chicchiriccò,2018-04-10
3211023745b66a6571d529e0e353eac75ac2e839,Francesco Chicchiriccò,2018-04-10
3c4a351534e3221a2ce0f0a9660b442f8dbfdc74,Francesco Chicchiriccò,2018-04-12
e5860a76a5584edf780df180eb9229ddf44de684,Francesco Chicchiriccò,2018-04-12
9a7afc0ced2f0af511b14576ea259ccfb7e85a87,skylark17,2018-04-12
24f789932141ee05fa12d81eca9d43178953f508,Francesco Chicchiriccò,2018-04-13
44a5e1da7adf8aa6519fea8410b82ea0ac6b425e,Francesco Chicchiriccò,2018-04-13
21a35a9b5aba2ae012eff405d8b795e74e5653ea,skylark17,2018-04-13
14036567511b7319f109d4fea553ccbfc0327424,Francesco Chicchiriccò,2018-04-13
37043e3064d880de3da52de9202580b4b3c102b1,Francesco Chicchiriccò,2018-04-17
33847ad37e262b155b507ec696b8d251f8b09ffb,Francesco Chicchiriccò,2018-04-17
4da5dcccbf69acd7a706cfffe3db8f1c4494eac5,Francesco Chicchiriccò,2018-04-17
8e7bf8a499609c9b9c12119e90258c41f65f46eb,Francesco Chicchiriccò,2018-04-18
6ac8c02ee76d43b301dd1b77880a5abebbc99841,Francesco Chicchiriccò,2018-04-18
ce756bfb7cc4f0d571fc8cfbe4df718109e6f497,Francesco Chicchiriccò,2018-04-18
85b5c0c802ab6bb7680cb1e9d996de5b6580d97e,Francesco Chicchiriccò,2018-04-18
a482f0baecad903cb94a33f96feecc2358562df0,Francesco Chicchiriccò,2018-04-19
1a3a05e2341ab5b1b61f293882d4038c7050259c,Francesco Chicchiriccò,2018-04-20
b667bb81130c91c26e16cd816086b52e098610a2,Francesco Chicchiriccò,2018-04-20
39e7a412c41beb938557fbc7c5d2964019a0f606,Francesco Chicchiriccò,2018-04-23
b30e7b23bb79cb583b09908c2f43a53f486045e3,Francesco Chicchiriccò,2018-04-23
01daf0b255048dbcf22bea3e07f3235f52475153,Francesco Chicchiriccò,2018-04-23
a2dfa8f01ec6de9a2e81d9ccf0b47a3dd7162b5e,Francesco Chicchiriccò,2018-04-23
d11be0df683e111dbb415a6057e303ff803e6f72,Francesco Chicchiriccò,2018-04-23
9e9002f4b2ae437b4c10f32d3dab513f2e3d9bb5,Francesco Chicchiriccò,2018-04-23
c59662741ccfb0e9e9b0ae156ec57b7606e68e83,Francesco Chicchiriccò,2018-04-26
c0e2aedef5360101a78fb0932c7ea16fc2ae3c8b,Francesco Chicchiriccò,2018-04-26
761399c46b69b5e27e5ff0e47a7ed5ddb6489f3b,Francesco Chicchiriccò,2018-04-26
a9ffb6f2b6eb243fea553cde1732f31db7ff872b,Francesco Chicchiriccò,2018-04-26
8124b88ff01a4ccecd78c2d85ff2cd4d244846db,Francesco Chicchiriccò,2018-04-26
ecb2d2763f179abe4ae81861414d8b08f6a30286,Francesco Chicchiriccò,2018-04-30
4e5549b28bdc1f27969270ff01cb2dcde1df5e57,Francesco Chicchiriccò,2018-04-30
6000c1f214a0086dd4cb07ee5cf22ef267ebbc60,Francesco Chicchiriccò,2018-05-02
064b7efac7c2e96433caf4c079e514c620f074cf,Francesco Chicchiriccò,2018-05-02
797fd1cbd801aedabb54b5d1dcb65d34636adec5,Francesco Chicchiriccò,2018-05-03
f66bcc34b5fd7264f95a44b6373210e10ed20814,Francesco Chicchiriccò,2018-05-07
c40ebf0f29c5a8dfd857fc288a5c172863759a7a,Francesco Chicchiriccò,2018-05-07
7cdeb5fa8aaae5e39e2453e7bd9fe057afc886b4,Francesco Chicchiriccò,2018-05-07
0a8b97ca38cbccef1b76c322c6e86840370f12a9,Francesco Chicchiriccò,2018-05-08
7efefd570f41f5eec685ddf12d1a84e31d5915ef,Francesco Chicchiriccò,2018-05-08
26f006953fbb1253c4a05963653992a3950a5251,Francesco Chicchiriccò,2018-05-09
5d35c07484026da5d89fe7beb8f4cc4d27d7ff3c,Francesco Chicchiriccò,2018-05-09
3f0c52c468893e6f00502a2c629c961206cff490,Francesco Chicchiriccò,2018-05-10
3b385e5c9c788f7e013b363e9c940f2544725644,Francesco Chicchiriccò,2018-05-11
f4316c847a3316f4fe8cc682b7a3f4a956775e01,Francesco Chicchiriccò,2018-05-14
d18108a0df21326e9236805fa1185f4e264041f8,skylark17,2018-05-14
21a3112703a2f0f721a8b376a6b5ee57b4a4442c,skylark17,2018-05-14
5af1a9ce6cd8e4c0dcf338c9bf0f56568ea537c1,skylark17,2018-05-15
6856b9db77e37ad176d16761e2fda60895c47561,Francesco Chicchiriccò,2018-05-15
9a15c4fdf912eb9b39dc44b2c921932e7591ca5b,Francesco Chicchiriccò,2018-05-21
3719652c1a6879b8f915c4fd0f35e1802c95dff5,skylark17,2018-05-23
fe1d8bfc085315a63f1d150cdba711a85ee55496,Francesco Chicchiriccò,2018-05-23
ba2f7fbdcf64cd826dfbc28b91b3282d7c83dc69,Andrea Patricelli,2018-05-24
8f2efa53dcfc66b97111a32bbc4aa835384a1c5e,Francesco Chicchiriccò,2018-05-24
f50d6142248cc59b7736378f7c3a78fc318b4705,Francesco Chicchiriccò,2018-05-24
6a0c96e708c528ae9b4f61222b1509b7b68e5f1d,Francesco Chicchiriccò,2018-05-25
f4ca1ea9f291f7cb7da38894d953146b04adb12f,Francesco Chicchiriccò,2018-05-25
bb0046c8718bc2157fc6c4bab46096b9224ce145,Francesco Chicchiriccò,2018-05-25
7bd88d83167619c5998b38ca3b78734268f20cd8,Francesco Chicchiriccò,2018-05-28
21bb4dc3cac6365d2823a8b7fab0aea11103ea03,Francesco Chicchiriccò,2018-05-28
e1515673509aac06d818e025ff05b821ab0d7798,Francesco Chicchiriccò,2018-05-28
252eb543eaed80c3952f3e97c1745109486ab4b4,skylark17,2018-05-29
6d38f3c50119f2fb7c2da6a7717e38250e5dd178,skylark17,2018-05-29
0b2a40164c3349393b428c47272a41560b4adabb,skylark17,2018-05-29
232187c0e6d53184aa91432436250d0ec93d37f0,Francesco Chicchiriccò,2018-05-29
057d13fb694c3e2178f2d960e9f33d3eb4ef2196,Francesco Chicchiriccò,2018-05-29
b4cb1cdc85d4a7a5081924aaa0c3d3d6e7a86bc3,skylark17,2018-05-29
d9c58a831337be619ebdf2bfd88b5f84fd884519,Francesco Chicchiriccò,2018-05-29
65d63c3b4a467b11e9a4acddb3d9d45ae020b6fb,Francesco Chicchiriccò,2018-05-29
3ee0535c5208b9268cf4fffbb4700fcb49a5ddd0,Francesco Chicchiriccò,2018-05-29
37bea639c8ee45716734c6cd8116df4cd5afb590,Francesco Chicchiriccò,2018-05-29
fe22a5a94e4c39ebea5be880100ecbbe37aad5d4,Francesco Chicchiriccò,2018-05-29
105b5bb2e521b8b6a745375fd96991480414fef5,Francesco Chicchiriccò,2018-05-29
b36d3485a0893534b37da27a4f7bb730f9d954cd,Francesco Chicchiriccò,2018-05-30
22900099e40b5b478f7085e5a838435f461fd6ad,Francesco Chicchiriccò,2018-05-30
be8ae795d4c2ee42ea84cb8eb7712079dc403016,Francesco Chicchiriccò,2018-05-31
026df269ee32d8fadf5741ee40578c4f2bea315a,skylark17,2018-05-31
d13ef29274d7ee2b0793b80733ebac1a0ecb86b3,Francesco Chicchiriccò,2018-05-31
d094deb393da0ec5e304c1d275c934d29385522b,Francesco Chicchiriccò,2018-06-01
17830e5aa09660be4949589d2c196670a4d57ff7,fmartelli,2018-06-01
e78f91e24b5a2860fd49e3d70dd7abcf8e12913d,Francesco Chicchiriccò,2018-06-01
8c14525f05ef969d5de1cc5108de3e4800a7baca,Francesco Chicchiriccò,2018-06-01
71b87b4c1b1581e14c8cfde203ba888c012153d4,guido,2018-06-03
fd45204b41b82464642976c286230529fefa8c33,Francesco Chicchiriccò,2018-06-04
047467da1cf479455a016f53c6bc36d5cbac9f2a,Francesco Chicchiriccò,2018-06-04
234529acfab50d5c458d161a0285af0da3a13e38,Francesco Chicchiriccò,2018-06-04
bfcc23cbbb39d376848010520e6cc18f5a1b7f05,Francesco Chicchiriccò,2018-06-04
2c6df9ccf8b173e501b0de39c6ea2934d1e1275d,Francesco Chicchiriccò,2018-06-05
71993ccf35d1590cb5e306cf918c0fba4dc046c5,Francesco Chicchiriccò,2018-06-06
dad0fa5780d446315d9acebdcdd724a1bc5baeb6,skylark17,2018-06-07
d5cfe764bf8853c4f87d74e7b5772da4f9083338,skylark17,2018-06-08
ff597a7d53a7a7e602a71db0a2a70f9c074aaf40,Francesco Chicchiriccò,2018-06-09
f57cb310537d9a907c4aa55484938e02c9361733,Francesco Chicchiriccò,2018-06-10
a846feb2246f8c4e6dc3400ea32d6925dcdfb3c9,Francesco Chicchiriccò,2018-06-11
26e2b9dd3c7f01eb0572883ae0877d29fbdf53fa,Francesco Chicchiriccò,2018-06-11
8db75d21c2bdaa0800a366cc2c5a5412e459e9f4,Francesco Chicchiriccò,2018-06-11
d51e1ccc1e305156a348ce57eeb18a30fca3b7e7,Francesco Chicchiriccò,2018-06-12
7033b8a98624be099fccc49876bff804e165df15,Francesco Chicchiriccò,2018-06-12
8e61752b923ff99d9f171e02c694aa65a5207c8f,Francesco Chicchiriccò,2018-06-12
0167d6685951b4205ba1cf1ca7012989866d36e7,Francesco Chicchiriccò,2018-06-12
1f69db67879c8a1bc8a76bb8774b3d7e49e40942,Francesco Chicchiriccò,2018-06-13
3e48002cb048cc2e500fd3faf133caf8d96950b2,Francesco Chicchiriccò,2018-06-13
72ca184f5406678b913c9eae3c450ea7afce52df,Francesco Chicchiriccò,2018-06-13
ebc1e056e38b231c938da9ebd133e4d7af11d882,Francesco Chicchiriccò,2018-06-13
595a8d154a98758bd4d8852f49923200189ff99a,Francesco Chicchiriccò,2018-06-15
3a52cc2c2a45b5ec6efabc7ebe7a035a538b41cb,Francesco Chicchiriccò,2018-06-15
409082c4b548a3fe53aa5ed5cbca84e69d047185,Francesco Chicchiriccò,2018-06-16
b918245d7a88b94605b10b0372cad382682ca950,Francesco Chicchiriccò,2018-06-16
07908ed8e961f80ad05006d6f0566ff37db9e455,Francesco Chicchiriccò,2018-06-18
2b48b6191a578990e76ead006ef2119b1658bec3,Francesco Chicchiriccò,2018-06-18
b0fe323b40c61a31f30d5e5360a817672dc1d7a8,Francesco Chicchiriccò,2018-06-18
afedf20aa7380c5f88e62beca8e4afc82aa90aa2,Francesco Chicchiriccò,2018-06-18
7888641082a8eb6e017c83eb81df3d727d0bddae,Francesco Chicchiriccò,2018-06-18
f888913d14f8c1dd82d2ef553a07015c77a14770,Francesco Chicchiriccò,2018-06-20
ee5023556f0e230841e040bfcbc69af9242a1308,Francesco Chicchiriccò,2018-06-22
6a9d557545eb9e35910af4cc32668f649b61cdbe,Marco Di Sabatino Di Diodoro,2018-06-22
d7d06bc088adebaae3fd7608a8c0ea3639916910,Francesco Chicchiriccò,2018-06-22
909af68081e1efdfc04fd19e1a298cb621477e08,Francesco Chicchiriccò,2018-06-25
8e6ed9601be4030954cbb480a4a86553dc55d126,Francesco Chicchiriccò,2018-06-25
5ddca9dfb2b027f534ce9cdab2bb1b51fce72487,Francesco Chicchiriccò,2018-06-25
fe6c5fed3439184f84c2d8d089f20ab3e462eaed,Francesco Chicchiriccò,2018-06-26
315008c2e7c4938af3324823423343b690c85038,Francesco Chicchiriccò,2018-06-26
71f8cc89b749b235eb4e328231c71c99d6d6a8ba,Francesco Chicchiriccò,2018-06-27
9b1cb59788fde2a5a320de84b88a96dbf48b9134,Francesco Chicchiriccò,2018-06-27
d337311563d6e028d7a69aa2d114e91661a74af3,Francesco Chicchiriccò,2018-06-27
1cf21eb18f8fc9824f046735cdc07a91d34f85cf,Francesco Chicchiriccò,2018-06-27
bfaae91cf0b5e99a69971f2d47b88f4a3c5f2cea,Francesco Chicchiriccò,2018-06-27
94916e1fc0e23af6356a2b2a39c6e77fa1ef7ef4,Francesco Chicchiriccò,2018-06-28
16f6013ecc236e162a4e12158b452b543489a5d2,Francesco Chicchiriccò,2018-06-28
71ebdb915800f61eb8987ab17a7010afe721ce4a,Francesco Chicchiriccò,2018-06-28
ea18f558a233b8b80dff4e328f74abb9418a2b58,Francesco Chicchiriccò,2018-06-29
c6f998b2af93d9359ea14455d638897d177ee876,Francesco Chicchiriccò,2018-06-29
9f4eb53604e44d05db374c905cac0f77f09f5691,Francesco Chicchiriccò,2018-07-02
3cfc0ce345ee513be83c57ed390581a83c33addd,Francesco Chicchiriccò,2018-07-02
33da8b5d8d0ee4f7922a572bc05d6b8b65adfe95,Francesco Chicchiriccò,2018-07-02
c09def901e2eef9dfe6cd598c3c561c839814f42,Francesco Chicchiriccò,2018-07-02
a8fbcd2aa0fd28308243a3750a19672c9bce8da1,Francesco Chicchiriccò,2018-07-02
9d36c7f843f8a773452eb931fb90ed21f6d3d15a,Francesco Chicchiriccò,2018-07-02
05d2381c153c2595075b6663492938553cefc120,Francesco Chicchiriccò,2018-07-03
dd3d4a3db18d95bb9b796cb2d486289141c3dee1,Francesco Chicchiriccò,2018-07-05
e56dbc29dc7715c46c84e7829e37762018fa0dd0,Francesco Chicchiriccò,2018-07-05
027b6bdfed8666f0d1a1225d3e27a3047e93acf2,Francesco Chicchiriccò,2018-07-05
e015d85d4db2f606c6ddaea2c7f0b3f4ca11e949,Francesco Chicchiriccò,2018-07-05
9edeeffe389319eb65a4d77f4d9931c69b000c11,Francesco Chicchiriccò,2018-07-05
48a89634a641a78a273aaa71adf76484405807d8,Francesco Chicchiriccò,2018-07-05
9a6af946ea7fb0793014cab167ca99e602f6538a,Francesco Chicchiriccò,2018-07-05
0767a71ddd0501a9dfd6a82a43cda3d7cbb44041,Francesco Chicchiriccò,2018-07-05
1265fb9c5c86ee2b6a668e58f40c097b887a56f9,Francesco Chicchiriccò,2018-07-05
49c2e53ba6baf1423a89b5ab9a24aa665a5780ad,Francesco Chicchiriccò,2018-07-05
e888eef9cf23d33f43ed799ced61d0c1f2d64f02,Francesco Chicchiriccò,2018-07-05
0057595c9fa341af49ce671d67c1ac80f06294c9,Francesco Chicchiriccò,2018-07-05
76a323ce08d865bada83f9c3e804c743bce95de2,Francesco Chicchiriccò,2018-07-06
9455410cc7f4ce5afdf0c27ee912a83f31d764b1,Francesco Chicchiriccò,2018-07-06
d852fca2573b08808e65790b5c3da0e462856cc3,Francesco Chicchiriccò,2018-07-06
2dd80d4e78944f8f57841fec34069b69492ea4d9,Francesco Chicchiriccò,2018-07-06
c4d7d936fc2eba717476b5289f09a262928efe59,Francesco Chicchiriccò,2018-07-06
1e8a5f59efce868e7c9a945025da201513bbdb89,Francesco Chicchiriccò,2018-07-06
241fee756f19a0a02bb331b0755764e3af692b56,Francesco Chicchiriccò,2018-07-06
bdd3198f7c0b85ff2486ef80c470d24db220f71e,Francesco Chicchiriccò,2018-07-06
fab232684a6b86b5b42e6d2c14d58bb042e9fd0b,Francesco Chicchiriccò,2018-07-06
1115b4493759c45067774532a8f5146c090b05a4,Francesco Chicchiriccò,2018-07-06
990f8cbbcd9ca02589b37d9aa5b94e5904a3756b,Francesco Chicchiriccò,2018-07-09
51b767adc1634aced78f26b01c2119914a794e82,Francesco Chicchiriccò,2018-07-09
8e38a71e92813986cf840a7901553808c19ac480,Francesco Chicchiriccò,2018-07-09
577c6c34cca2c0b486de0829c68f8cc13cd4c1bb,Francesco Chicchiriccò,2018-07-09
6664835ad428aa8d76ad826148a27c89d61bb92f,Francesco Chicchiriccò,2018-07-09
3e106c244e355ac45996b7d408d5d8635cc1d5bc,Francesco Chicchiriccò,2018-07-09
c3dbca022d1bd8ef9a8c463ebde5369a5359237f,Francesco Chicchiriccò,2018-07-10
3a0afb47b4ef81fae1f8e208e720cc5880b9063e,fmartelli,2018-07-10
2d233d197ce9e5bac10b2c0f422221c6c36ed343,Francesco Chicchiriccò,2018-07-10
2c3754b2c195e414dd1c6c28604a6a94b635fed2,fmartelli,2018-07-10
5c4b1e2e21e101c0295b545ac23b4308801b877b,Francesco Chicchiriccò,2018-07-10
8c8b1458ce40a6af5e4d1ed3a07960c36882cbf9,Francesco Chicchiriccò,2018-07-10
4dbb787692dca452863687d4cffed6a58d580721,Francesco Chicchiriccò,2018-07-10
75c84ce15e480b1874925d6d9a90cb8668454cbf,Francesco Chicchiriccò,2018-07-10
6c104df3bbbc46949ce3e449945e2c8c905cc9d1,Francesco Chicchiriccò,2018-07-10
e03d47ef56fbbaf2ff1e2f95b24a877ed040d52a,Francesco Chicchiriccò,2018-07-11
47f792bd8cdb88489f0a33a11dad1f2d43ccce88,Francesco Chicchiriccò,2018-07-12
98f8e0ea5e1466e6998cfa781bb93991e0de19e3,Francesco Chicchiriccò,2018-07-12
c3ce309a141379f54243f41a09a63d8ed320747a,Francesco Chicchiriccò,2018-07-12
fa3b769df86cb43e5e08eb1b26cab617cd723267,Francesco Chicchiriccò,2018-07-12
73b82e98bc4a96248c51e5122e281e642a3c2b0d,Francesco Chicchiriccò,2018-07-13
c14e9e4cc7af967609308aaa9a962c3b2604c93c,Francesco Chicchiriccò,2018-07-13
e752f45334ed6b7740e26c8fbfe8f913d44150d8,Francesco Chicchiriccò,2018-07-13
d6d8da66b3a604ecd518c986c580c56a0273ab1e,Francesco Chicchiriccò,2018-07-13
2170e4d50316143ee9b2cd203188814718b0d5e9,Francesco Chicchiriccò,2018-07-16
6fc42652b2bd0844e9fbd4410143c746c6c038b1,Francesco Chicchiriccò,2018-07-16
535e958a29f42e3d7a7e3ff956001e44a83210d2,Francesco Chicchiriccò,2018-07-16
2cfafbbfb774a4c4964ddcc7175deadfdd9be85c,Francesco Chicchiriccò,2018-07-16
0b86b374bc0eff13c0eaa1aea69cac8782d8c214,Francesco Chicchiriccò,2018-07-20
e6cd20ed36666743b878a87185f87fec79826ff8,fmartelli,2018-07-20
d478c0a5fd5b7ee34ddfe2c19c4b8eb6cdbf4899,Francesco Chicchiriccò,2018-07-21
eec3e257ed1e53604b92766ccad75fd97770822f,Francesco Chicchiriccò,2018-07-21
ea46b82b7fca82e7ba2feddca23fb62e1daa6648,Francesco Chicchiriccò,2018-07-23
ae5a7ff2079610452bc64e7b05519cbfec87839b,Francesco Chicchiriccò,2018-07-23
c98b3e723f164114d242e2182119857c7ae7c9f3,Francesco Chicchiriccò,2018-07-24
65fe5336441000fb608783e6348da0acff52de64,Francesco Chicchiriccò,2018-07-24
0bb9d9d5645d14da525003a88439c55ee32d0860,Andrea Patricelli,2018-07-25
0895017a2447e915eb17c822cad865bab368c2ed,Francesco Chicchiriccò,2018-07-26
ae058846238567128f1ff4969e5f8709750c35ae,Francesco Chicchiriccò,2018-07-27
150568f5316dfdd5136fac49d801958a9ad6c639,Francesco Chicchiriccò,2018-07-27
24db268ddf8c4902015c8d6ca76342b6819ec2e9,Francesco Chicchiriccò,2018-07-27
37859273bc6b68a8444516f15ef4609ffe6fed64,Francesco Chicchiriccò,2018-07-31
0de2236d6177e17ca778d2ed34246a85310e9bb4,Francesco Chicchiriccò,2018-07-31
348f150640e49bec33165e3cd214a1297b783780,Francesco Chicchiriccò,2018-07-31
cf95a35fabffebd73adde14a481508e31b7d29a1,Francesco Chicchiriccò,2018-07-31
d2ff6e4a44c660c9c9c91524c91eaad5dfe2d473,Francesco Chicchiriccò,2018-07-31
d9250efade3793edeb35be10f72890a98090438c,Francesco Chicchiriccò,2018-08-02
e5355f4d45ea3d54d8ac3ec20b480b65719092c4,skylark17,2018-08-03
0dcef9eb4dd040eddad846d8bc8b9b5d578d20b4,skylark17,2018-08-08
34a2fdbbddb1b61e04bfa092c40b2c1ef050de33,Francesco Chicchiriccò,2018-08-09
4ea63a376e01ba629446bea13ff77cfb14409048,Francesco Chicchiriccò,2018-08-09
8b8e9336baa5470a457c90e158b8ec9a1402525d,Francesco Chicchiriccò,2018-08-09
05f70d9d1f2b95f103b1ad7b89ed18ee20aab911,Marco Di Sabatino Di Diodoro,2018-08-10
271a2e77c4f123582d3623922e09f0abc3b83a34,Francesco Chicchiriccò,2018-08-11
7edc502e5da698ba768ce255c9306fe6017f05f0,Francesco Chicchiriccò,2018-08-13
fa27b90c5d180d27fcea60020ca55f729dab2b9e,Francesco Chicchiriccò,2018-08-13
c0c32cd6d91cea08c73cad89b703e329d94954eb,Francesco Chicchiriccò,2018-08-13
36909584156437e0b424cee04fe3e6641325c0aa,Francesco Chicchiriccò,2018-08-14
9126b7d0a19aafd8fec33daecb788e713b1f7132,Francesco Chicchiriccò,2018-08-14
669864f4e332dbfbb9d8e14599ffff66f585c2dc,Francesco Chicchiriccò,2018-08-14
d9ff2d429a0aadc6a7757199f1a8a33446038667,Francesco Chicchiriccò,2018-08-14
3eaf7103b94860a332fcce14f3dabe5a61b19f9f,Francesco Chicchiriccò,2018-08-16
ea6054a89245ebbe6c26e4ffbf2744800166e977,Francesco Chicchiriccò,2018-08-16
842a0fb9d8a1c8f5a1dd4e5259b56dc8af3cf7a3,Francesco Chicchiriccò,2018-08-16
ae8fef040c02836b442212bef8f59ecdeed90da5,Francesco Chicchiriccò,2018-08-16
8e632632359391b49047c42c91e170ba2a602369,Francesco Chicchiriccò,2018-08-17
101760ae3b6cb10e09e420902fc0ad694eceb8c2,Francesco Chicchiriccò,2018-08-20
7f11c4b546c2d0941457703b595cec0307006433,Francesco Chicchiriccò,2018-08-20
985ada6c3decf247307a1a9b52ee93207ec5a227,Francesco Chicchiriccò,2018-08-20
5521e436e39ad9b54c89c3a6fabe629996793020,Francesco Chicchiriccò,2018-08-20
12f1d82f828289afcaa2c54bf204721423e6b711,Francesco Chicchiriccò,2018-08-20
3424a1b5fd271088e7c86377cb56427ffc6d4dd8,Andrea Patricelli,2018-08-21
3c6e810db2e9897e370a402a2adc4cf99174d107,Francesco Chicchiriccò,2018-08-22
bde77d8739abb1765c3dec45f3ea45064d1b9b7e,Francesco Chicchiriccò,2018-08-22
ae6c4bc75cf0d0ac494b915294701444442b4dd8,Francesco Chicchiriccò,2018-08-22
62102d176d0a52cf6ceff501b77918b824aee3b8,Francesco Chicchiriccò,2018-08-22
0c8b404d5edd25a2c17bc45cfc2dc4bdd61ce522,Francesco Chicchiriccò,2018-08-24
5639ca66d0dfe04d48e859594e205cc640234a9d,Francesco Chicchiriccò,2018-08-24
93ff61906287060635a7a0f0007fbc9e9b8aa5c1,Francesco Chicchiriccò,2018-08-24
b8d0ff704e15e9a60322f595528db211ee64ecf7,Andrea Patricelli,2018-08-27
f3974f89556f5a782f853cfb87dc05a03bb19b61,Francesco Chicchiriccò,2018-09-02
78bd84649a0c0c635c48fb6098409c3af8d7e37e,Francesco Chicchiriccò,2018-09-02
6ad136fa611b59d292a8b05bda8aeb516781f85b,fmartelli,2018-09-03
d7f034adaaa3a76028ffc00454f2496f27fdbe3b,Francesco Chicchiriccò,2018-09-03
4fec32be0708252585f4cbfbc9dd25b5670d37ff,Francesco Chicchiriccò,2018-09-03
15843b583bf8859bb826a4004e952a29223a191f,Francesco Chicchiriccò,2018-09-04
d5e73caeebdf5c772ebfd5da958b380c1ec6fd5c,Francesco Chicchiriccò,2018-09-05
4546c3a54d9678002eac30dced8f916f3317a211,Francesco Chicchiriccò,2018-09-05
63371f7b9fe483dc60c3aaf29c9dde9eb15ecf74,Francesco Chicchiriccò,2018-09-05
8de644bdfa1b00cc705c19446737993c54cfdb92,Francesco Chicchiriccò,2018-09-05
8ebd80aab9b02eecf703d20f5c7b99b9412bbfc6,Francesco Chicchiriccò,2018-09-05
1068667e90c41cb75d5a508d43f953294646c1b6,Marco Di Sabatino Di Diodoro,2018-09-05
d5ac346976dfbfacb2d0e5aa4d6c604c11e90995,Francesco Chicchiriccò,2018-09-05
12330a37dc7311cbfdc9dac47029ace56947e4f1,fmartelli,2018-09-05
aa799d29eb30d1e080e93359f6dd69d594c684f2,Francesco Chicchiriccò,2018-09-06
897f83bbdd7ce99dc74de5331a9671ad5a487fe5,Francesco Chicchiriccò,2018-09-06
98179a4a115eb642076c8ac2e8133b6226499bdf,Francesco Chicchiriccò,2018-09-06
c29d6f27c3cad6e795a902db5ba4a42dc76144e6,Francesco Chicchiriccò,2018-09-06
4966126a119ca5f0c8b206dc8e34216f2d14d584,Francesco Chicchiriccò,2018-09-06
ff64430b84a47913222a6f9d085e670402c229d7,Francesco Chicchiriccò,2018-09-07
e1972f84a4cfef01e0789efcf3796a60610c3d4e,Francesco Chicchiriccò,2018-09-10
f9937e77b78057f91a35d6caa46e9b1e3af832c7,skylark17,2018-09-10
e22cdf76d6280914167d96f0f9693f8a4976788d,Francesco Chicchiriccò,2018-09-11
ab489cb9d756afe12780c45f77322c4a47f1eda3,Francesco Chicchiriccò,2018-09-11
ea95615fded00a71eae3cba4660da2b3b9f5000b,Francesco Chicchiriccò,2018-09-12
275ca966cde33d84e8c9f5316cc9d7eca12cff8e,Francesco Chicchiriccò,2018-09-12
65cc0891cd052b6b74f25ccc80a2eb734a1b8450,Andrea Patricelli,2018-09-12
b8d40101e6b7db1e52c1fe60fae1cca5bfefbbc3,Francesco Chicchiriccò,2018-09-13
3e0c00355bec768d3c798b44111b57dfc709ea16,Francesco Chicchiriccò,2018-09-17
aebb4460fa7304dd412ea9ad9949c010e345516b,Francesco Chicchiriccò,2018-09-19
d5b371fa13c3a70fdd408facb13e7eae1495eb46,Francesco Chicchiriccò,2018-09-19
3b81da3a7ad210b7d26ecd6f175d16851509f563,Francesco Chicchiriccò,2018-09-19
23daf200a657dec48530be35b470a055da253c52,Francesco Chicchiriccò,2018-09-20
382f3f4b9f00a14f66ca52c7ae73f318b151fe4e,Andrea Patricelli,2018-09-20
7c94b93a6755f06ece72ac052f156ab7e1d1c46d,Francesco Chicchiriccò,2018-09-20
d0b2c67b33789258c6162a6925cd91f9cbdf4231,Francesco Chicchiriccò,2018-09-21
a37007ed7b9777db0f06aad34bcaaa2a63eee2a1,Francesco Chicchiriccò,2018-09-21
93e1a33e6511b2942b10ba3f321e516f0a2742f1,Francesco Chicchiriccò,2018-09-21
cf67005cfad21f8eff66afcbdae546fc7b82641a,Francesco Chicchiriccò,2018-09-21
11612399a31d6cee09abfd199772989291b4dd0a,Francesco Chicchiriccò,2018-09-24
3cabe08aab4db4a7fb5a9dedb471ac453e2ff713,Francesco Chicchiriccò,2018-09-25
46a8a2fd43b0c7643c09f52c5b42572ecba8d002,Francesco Chicchiriccò,2018-09-25
7811bdb2d352ecd4f09b971ea38320814c03d0e8,fmartelli,2018-09-26
d9ca0d4732cffe93ec42c8152f6dae29d14a21c4,Francesco Chicchiriccò,2018-09-27
c2cc8c9779e529468ad8e58e75ef5c1335589691,Francesco Chicchiriccò,2018-09-27
25d6c1f76b7fc544013b32710c8203f4c09dbea9,Francesco Chicchiriccò,2018-10-01
da91868697e61412ef53cdee717bc82b6db405bc,Francesco Chicchiriccò,2018-10-01
fba9bce622df4eab6229f1adb4bc3e3fea738935,skylark17,2018-10-01
fee1317dc3e32d89fcbab5f5e748f49ce5e04f83,Francesco Chicchiriccò,2018-10-02
5daece32b19b2a00d5627d41c67e939fc2eac9f7,Francesco Chicchiriccò,2018-10-02
a2bb602c4e307fd1d484c7a1846f570b470e111d,Francesco Chicchiriccò,2018-10-03
59a36b775a4957480c9089f7a5aae0299671dfdd,skylark17,2018-10-04
394530c1bc00e6ed49890035c3af767f9f39bda4,Francesco Chicchiriccò,2018-10-05
9dd0b6603a305d2c3e3155aad6177057e4a62a1c,Francesco Chicchiriccò,2018-10-05
224303fd2d54edaa489718558b9c80bafcd8b3e4,Francesco Chicchiriccò,2018-10-05
baf93da9e73cd4c8065a96f4de7e793e53b83778,Francesco Chicchiriccò,2018-10-05
04f0dcb87957323827bed5a792ac15ac96b4f788,Francesco Chicchiriccò,2018-10-05
c448befbcf37f52bd1a1bd6849bc1503b99b3a7e,Francesco Chicchiriccò,2018-10-05
887349382d460e1fb3096650e5a56317cdd82c1e,Francesco Chicchiriccò,2018-10-05
fd70550a865846229128ac5b708a4d7e7db7b667,Francesco Chicchiriccò,2018-10-05
f0398c7d70a1e107e38d4dcb77bcf30b5d1265ef,Francesco Chicchiriccò,2018-10-08
1302734d34336558948205e0bfb17ecadaa24ede,fmartelli,2018-10-08
9d78874fb7edb84a616b274c8af5160d3ef7f826,Francesco Chicchiriccò,2018-10-09
cf5a50298106988dab77393b65703895d7b3f336,Francesco Chicchiriccò,2018-10-10
2c48533389ee654602effc6deb78ae4587d0c3e1,Francesco Chicchiriccò,2018-10-10
543996c76d436ae219728633951b969b2ebf0958,Francesco Chicchiriccò,2018-10-10
794416c94798a2bc83c9e34a52698b7e4a9ef2bf,Francesco Chicchiriccò,2018-10-10
7de2d08eb3ea65a17d3598ef12ea7c654f9b6f6e,fmartelli,2018-10-11
3c3c00877e8249f52f64aa3ba4b71c9635b27717,fmartelli,2018-10-11
7cd3597312c342c2ed3dad86f6222b0281d31342,skylark17,2018-10-11
4492950f380214122eb03308c608ac7167f2be78,fmartelli,2018-10-11
41816c85027bbed8407be1a365a3f2381632811e,Francesco Chicchiriccò,2018-10-11
295f0e95c87f992978841f9fd68627c95fe805a4,Francesco Chicchiriccò,2018-10-11
b043febae3e08bf657ecfb1c23b80d2973bd68a6,Francesco Chicchiriccò,2018-10-12
4f797206318fc00f6b0e31f30c98c0da7ea838c0,Francesco Chicchiriccò,2018-10-12
28e8cd3fe21025f760ad84feb9fd8388cec4cff4,Francesco Chicchiriccò,2018-10-12
0162f98ebac0fcc88511602495ddef011bd22f2b,Francesco Chicchiriccò,2018-10-12
b82f6c13386a41d6e78ebb6412c318c6b5733601,Francesco Chicchiriccò,2018-10-12
dfccf431fcd34b410838c3e230c362f58e4a8877,Francesco Chicchiriccò,2018-10-12
5ca5439383de631df351c035f4fcdfda5a2d43a7,Francesco Chicchiriccò,2018-10-12
f5a1b5b791dc5e61a91b9819f01e8bfa248d311a,Francesco Chicchiriccò,2018-10-12
96cb078f0bf572f445eeeb9d3221b52009eb7666,Francesco Chicchiriccò,2018-10-15
188a7ef3752cce1099322a2827bb00353b6ecc60,Francesco Chicchiriccò,2018-10-15
6d1c8738328c7b507bf35f2a3c263d24e2d4a0a7,Francesco Chicchiriccò,2018-10-15
4ae9a74c1381c16e9bab8ae0099afa2b2eca59ae,Francesco Chicchiriccò,2018-10-15
fd24dd8b49a47f7868f0f995c0d180e559b4896b,Francesco Chicchiriccò,2018-10-15
b570430ca160d0f27ec67e80a1bb6b09709f61bd,fmartelli,2018-10-15
a9854644a50d1377f112c0e6e37e6637553dfada,Francesco Chicchiriccò,2018-10-16
d43825204b9a7227dfb1917136b1f2ccab3cde5d,Francesco Chicchiriccò,2018-10-16
c2ba360bbebd0b8f57e90fb3a2077f904aa5f224,Francesco Chicchiriccò,2018-10-16
72a5941f2f85f7d45dfc8145831e92b8661fb32e,Francesco Chicchiriccò,2018-10-16
8c281c28564f0628de727f85d7ddf5fbbaa4e7f3,Francesco Chicchiriccò,2018-10-18
d3be6a3dca33c7351a75a3749acdd6e0acbafd63,Francesco Chicchiriccò,2018-10-18
7d239c2ac9449fb632c946281fcd3ad1645eb34c,Francesco Chicchiriccò,2018-10-18
443f5a38ea45f15c092c41abb202f897c795c5f2,Francesco Chicchiriccò,2018-10-19
30286d96515deb9a03c551d37129f9584ac31793,Francesco Chicchiriccò,2018-10-22
36fb466afd64894170fa5e2e030ce6895120b1af,Francesco Chicchiriccò,2018-10-22
d9a879af89a98fc170ea211b0e2f769ddb8c8a5c,Francesco Chicchiriccò,2018-10-23
e851b2818d72137f5e049d4b810504f51d6a0d70,Francesco Chicchiriccò,2018-10-23
fed7c97c87afefc6ac6de170e4d89be78bb147e0,Francesco Chicchiriccò,2018-10-23
6d285b20104369f1afcb85f162386b1eae827038,fmartelli,2018-10-24
bdb6a180dcae6f1baaff16619cb906b7292da0d1,Francesco Chicchiriccò,2018-10-25
b1ad9766d61c1a33d4cf1fc54c057838b4832feb,Francesco Chicchiriccò,2018-10-25
1899d51dcf079476bc1ff9fe92830d661cc53cad,Francesco Chicchiriccò,2018-10-26
49dcfb0ca3b1b2e246dc3e969c7b12f0b3827579,Francesco Chicchiriccò,2018-10-26
8e03fae11f54c24f99534f61cd68e0d017b12b71,Francesco Chicchiriccò,2018-10-29
0005e6765054b70cbb3393dfebf95275eb50e4c0,Francesco Chicchiriccò,2018-10-29
96569beea8cefed71f3d649c44d93021040f77a9,Francesco Chicchiriccò,2018-10-30
c1b1b74563740969951dcb9fa89cff2143b6f634,Francesco Chicchiriccò,2018-10-30
9fc33d2dc0d26d49059c3c14b51e41adcd1419d9,Francesco Chicchiriccò,2018-10-30
01e32d2d0ad7a9f171440dcf369da6a8f72a7d4b,Francesco Chicchiriccò,2018-10-30
d7093b5dbde9e7b703075ba378cf00155bf12794,Francesco Chicchiriccò,2018-10-31
99a5c37de8d555813df4bfcfae40c0789aa2a118,Francesco Chicchiriccò,2018-10-31
639c314cd6aa922f6036e803ca7772d478b21165,Francesco Chicchiriccò,2018-11-02
2a5ebc988df1d1717835f0195e479736791abf91,Francesco Chicchiriccò,2018-11-02
e4c92705c6fb918bddd8859681071b6a4610dddd,Francesco Chicchiriccò,2018-11-02
c995e5d9e039cfe02d74ee6d6535d4a92dfbc7d3,Francesco Chicchiriccò,2018-11-02
f1ab5bcd021c963f732c92fa2533bb5618afabd7,Francesco Chicchiriccò,2018-11-02
6f981d21d8d9a0712e315127ddbf39032a246f27,Francesco Chicchiriccò,2018-11-04
92207203968241d23d5d81fdf43c4923abddbffc,Francesco Chicchiriccò,2018-11-05
54e25ff08b0beb6d11e80ac6e724c4e90b33943f,Francesco Chicchiriccò,2018-11-06
58192595ae4ec7341f834a35b763b121abaa0c30,Francesco Chicchiriccò,2018-11-06
4c5d58a4e43396e75f3830a69f528fbbbcb56ba2,Francesco Chicchiriccò,2018-11-06
8bbfe71a3e556fb7ef57fc092dc297b65b807253,Francesco Chicchiriccò,2018-11-06
a6e9cd8fef2112cefb5c962dd76b6cd31e89e312,Francesco Chicchiriccò,2018-11-06
c4c5ebad047a8d2e79e7359ce90058720ee52c95,Francesco Chicchiriccò,2018-11-06
a8a131e609f5603ded90df652c4745cbd21d5861,Francesco Chicchiriccò,2018-11-07
1fd1ffdfc1ada531ed190e404c7d883099169b71,Francesco Chicchiriccò,2018-11-07
ed45f24d1e879a3996b05745b4c838aa6c4d325d,Francesco Chicchiriccò,2018-11-09
1f54d793fdec207774a53f2c8372de470defdad7,Francesco Chicchiriccò,2018-11-09
c04c374b5b060c2b867467abe02ed874c63035c5,Francesco Chicchiriccò,2018-11-09
ca771ac2dfe3f6135051099d8ef84245730dc90c,Francesco Chicchiriccò,2018-11-09
b12295fb7786188a098d5339aa05ba6030f02604,Francesco Chicchiriccò,2018-11-10
17203fef07ef135ad11bd2a3b452e95c3ca5298e,Francesco Chicchiriccò,2018-11-10
66a90c9ac7f58acecd1dcfae41d06973346b5e0d,Francesco Chicchiriccò,2018-11-12
65756405fe897eb8c0a35db2e1473bd7fb0cecdf,skylark17,2018-11-12
5937c0844cafab71cfcabbcd502625a59b4f512c,Andrea Patricelli,2018-11-12
b5f4cb42d3ed31f96cb85e0aafe00c20a89e96dd,Francesco Chicchiriccò,2018-11-13
c92c34a9e49f0f883ed718c6aa6cb3673e5d9c5b,Francesco Chicchiriccò,2018-11-13
36ccd3b56df03d94c6e9ab656c55c940fab8fce0,Francesco Chicchiriccò,2018-11-13
2bf259faf23e7adcc5a1f0dc733cf7864aa917f6,Andrea Patricelli,2018-11-13
d9147367aa44ea8e7d455a7d1de2eabbc22ae0c9,Francesco Chicchiriccò,2018-11-15
7cf7ec1ae7f1e4129b7d1ae481a9e4376e6d1936,Francesco Chicchiriccò,2018-11-16
a3aae8591c51459c70c88b52b75d292a8cefeba9,Francesco Chicchiriccò,2018-11-16
7520d15c8a617a0d20c4a5a3fe4d70c27025ce11,Francesco Chicchiriccò,2018-11-16
d29aa7e8dde16643ed03874b0984acfaeea57c0b,Francesco Chicchiriccò,2018-11-16
55f32e00800eee96fa6c44af7f302815eebdbeeb,Francesco Chicchiriccò,2018-11-19
99eded2f67048b677776af6147d0b6ce4340c24e,Francesco Chicchiriccò,2018-11-19
4eceb6d775de9b4b3804b4622455987f63fd6621,Francesco Chicchiriccò,2018-11-19
9b116794af32bf3fb13bd6f4671b1ddb3b7702ae,Francesco Chicchiriccò,2018-11-20
11ee88516e4f7ca69ac71751562fffaa17a04fdf,Francesco Chicchiriccò,2018-11-20
ba9fbc4a530bd718d74fa03609926a2d5a28466e,Francesco Chicchiriccò,2018-11-20
85fe179ec541685e28b83cea55cec2b9341a50c3,skylark17,2018-11-20
ec294925415c9fc58e81c74551d28176245e76e0,skylark17,2018-11-20
756c39099237924459ae7491d8b07c07a5886e8a,Francesco Chicchiriccò,2018-11-21
570552fa868a66ab5d33ea402fed09cb1d14013c,Francesco Chicchiriccò,2018-11-21
b7f9a4b864f0e093618f1791de5b626db5e6a3cf,Andrea Patricelli,2018-11-22
720b2538d58833629497beecd1f2de04a7624ba4,Colm O hEigeartaigh,2018-11-22
54767715466da6cdcd4eac8150672e9065f2407c,Andrea Patricelli,2018-11-22
68d0739a95d3ffad98e6326bfc37d6846dec4d56,Francesco Chicchiriccò,2018-11-22
9ae2e69cbcba4c246de31711159172dc9136ba3a,Francesco Chicchiriccò,2018-11-22
ef300e1289e66cc3bde726819a21f9686b1fcafa,Francesco Chicchiriccò,2018-11-23
b0b658b81cf49e77cdf7779bd0ef94df989e0650,Francesco Chicchiriccò,2018-11-24
a56a8d0a711dc5d8f01eed6cf12097493324fc6c,Francesco Chicchiriccò,2018-11-26
2aada690f7b58523cdfd0cdd87c0b3e462049db5,skylark17,2018-11-26
a044615db2ea83bb9ae180e409b0bdafc31cdef2,Francesco Chicchiriccò,2018-11-27
d79f5faee5e2773ce6a45c9055227e4fa3d70996,Francesco Chicchiriccò,2018-11-27
05270474f91d0e00174f652da831da07d27ce364,Francesco Chicchiriccò,2018-11-27
fb6d9229bef59c4bbfec6a51155e01b521eef6f7,Francesco Chicchiriccò,2018-11-28
cb6ca74b20e7a80a80d033a0c32e4b9bdfb33861,skylark17,2018-11-28
50dda108d45bf56b8a5ee01866d9a9a6f6774805,Francesco Chicchiriccò,2018-11-29
fe090c99c707502a29616f4b00e3246de762a06c,Francesco Chicchiriccò,2018-11-29
f000afa7e15cafb5f7fc26bd5332b34e602c4f6c,skylark17,2018-11-30
b7b9fa388c652a0b8f968371f5274233c9bce5ee,Francesco Chicchiriccò,2018-11-30
90317d85f97c8ff63e2747e987a674b9f92f6c14,Francesco Chicchiriccò,2018-12-01
2bbea2d99e6a10dea0cca6653ef221331f1075c7,Francesco Chicchiriccò,2018-12-03
34de818e2d7b55c3a50150283cbe320df307d526,Francesco Chicchiriccò,2018-12-03
8a35832197036b8b96f4d21f6890fb5e7f2cbb6c,Francesco Chicchiriccò,2018-12-03
569b1b322f0364bc865902d595846a613f393b7a,Francesco Chicchiriccò,2018-12-03
2aee00d9e85b718d122778725c684b9733922785,Francesco Chicchiriccò,2018-12-03
e4a6d350373fcde0b0937238badd82c901e0a67a,Francesco Chicchiriccò,2018-12-04
ddd30f0128e5ac3f1834f21c2e3accacd3a900a5,Andrea Patricelli,2018-12-05
604b752aba59c562377894b7249c23ea7e61510b,Andrea Patricelli,2018-12-05
5308afcda55cc0ecf4c41e5cecd92d9e2d6fc2e3,Francesco Chicchiriccò,2018-12-05
ae0ee6c4694d6810618d4ea67f72dece518ada5c,Francesco Chicchiriccò,2018-12-05
f221f6acbddcd601265cf1db3a69046c72f97cc9,Andrea Patricelli,2018-12-05
7ba1026e9fa6f4eeda854c6448fc4b7f300af05b,Andrea Patricelli,2018-12-06
93caa35dcc780d3139cac35e29debf25b52e6877,Francesco Chicchiriccò,2018-12-06
6bc599e6ca1c29bba147059cbff4d6ad124c8217,Francesco Chicchiriccò,2018-12-06
067c216cd815d676813c06cea771ef44d3963956,Colm O hEigeartaigh,2018-12-06
a7c823f7d49b81231228f00d85b1dce1c197b0da,Francesco Chicchiriccò,2018-12-07
fb7dc553223ee0d483001a94a4cbeb070f4cf879,Francesco Chicchiriccò,2018-12-07
8340ea41714d393acf77be86d6d21f0f972f5cd0,Francesco Chicchiriccò,2018-12-10
c1879cc2023a32e7d7b60d8389165ea17024b2e2,fmartelli,2018-12-10
4c9fba59559f8f9e583bce3733db590124c082e6,fmartelli,2018-12-10
1f4686455d7ca6d973d9f898f6c86ee1d0ae73ff,fmartelli,2018-12-10
0377b6b1c39fae4878ed2b77e19d290fe62797da,fmartelli,2018-12-10
efaf9669dc6041fda6e7bc1399247a7f451ed48b,Francesco Chicchiriccò,2018-12-10
366f56a75edb519e173d83abf5e019002090f052,Francesco Chicchiriccò,2018-12-10
90d1d931735a9e29e96f735ddaded1d9d24bfa1c,Francesco Chicchiriccò,2018-12-11
56d67c50509174eb114eb49e53b73aef60fefe8f,Francesco Chicchiriccò,2018-12-11
34e5985e176628abb599635aed630eba08e45b73,Francesco Chicchiriccò,2018-12-12
4e128aa366b6b08035e8f2476f2f60bd0b531f20,Francesco Chicchiriccò,2018-12-12
4537679c60bf030cc616e80bbd9906db6948145e,Francesco Chicchiriccò,2018-12-12
c789b1f90fc74291ca3e6c4f66f127a10ff4765c,Francesco Chicchiriccò,2018-12-14
6583c746d7418b992c0615d57f1228d37fece5ce,Francesco Chicchiriccò,2018-12-14
427db760a32c9989b7fd2248608286fc43037c9b,fmartelli,2018-12-14
52e62d892e1393419e5bf752ff1e970821842a2d,fmartelli,2018-12-14
7055fe9983af8a85c23aa09359b7a87877dd5e3d,fmartelli,2018-12-14
8234b4affa19fa854546f975f97f33522ac009c3,Francesco Chicchiriccò,2018-12-14
eae33188b671edea90399162d2bde53d9db4ed54,Francesco Chicchiriccò,2018-12-14
085f2c2e69664c660a11c2a9cfd1eaa2b0d7298f,Francesco Chicchiriccò,2018-12-15
bce34199d2c5578923280bec8ed0286565eaceb9,Francesco Chicchiriccò,2018-12-17
ac95795be8aa8510230b7161df13c206267f8b05,Francesco Chicchiriccò,2018-12-17
052e71315de44701619f55982833e5ed1351efae,Francesco Chicchiriccò,2018-12-18
84ef23f404bc5b09935d258c5d89925668737f9e,Francesco Chicchiriccò,2018-12-18
a66bdb9f5fd5ff1bcfb0fc60651fd40e285b800c,Francesco Chicchiriccò,2018-12-18
9821d0a85da11af4980d90725f667ea8ff937d17,Francesco Chicchiriccò,2018-12-18
1c3bf08a1287ad07f13a2c442ab1795cbabcda00,Francesco Chicchiriccò,2018-12-18
510390db0025b2561b058d911184bdd3f25a47d9,Francesco Chicchiriccò,2018-12-18
23d0ef08264e4ca9c701d3886d27642388063164,Francesco Chicchiriccò,2018-12-19
5b672f6abfe72dceaead2a5a7df414b99bdaabc9,Francesco Chicchiriccò,2018-12-19
980c127c7578cf4775f4eb50fca9dc2859a1bb77,Andrea Patricelli,2018-12-19
88ac98384c764c83f19351ad5dce5e4b2a6aa6a5,Francesco Chicchiriccò,2018-12-20
614d81e2f058d26bfd648577c52d111a4508048e,Francesco Chicchiriccò,2018-12-20
b8114cf1cfadd6a9730adca4301663b4dd86db19,fmartelli,2018-12-21
f4adfd2fc6e11ac33c556356db4bc066f4895565,fmartelli,2018-12-21
deb442998b579a3855940b26c16a5aedcdc6ab05,fmartelli,2018-12-21
4a293350217a4c065781be22d8f8067729ab4df9,Francesco Chicchiriccò,2018-12-21
10f5c397dcc40e98e09ef025fd6a3de92a30f2f4,Francesco Chicchiriccò,2018-12-21
f71622e87f1e72f3888f3d95aa2569e098c85da9,Francesco Chicchiriccò,2018-12-24
a31720b593b722b9c81d20758bb55288debf105d,Francesco Chicchiriccò,2018-12-24
e0d5229a7e9a7535b3dd9013dd4a842b79883e35,fmartelli,2018-12-27
6938b3cd84efd92d397dcc7d65a3f1a7e9de420c,Francesco Chicchiriccò,2018-12-27
75f687b097d81bcb9be87187fa5e18a18b2c5140,Francesco Chicchiriccò,2018-12-28
f3102d93c9a65e38d255e80cca6ba1079799e2a2,fmartelli,2018-12-28
d8155c91861ed48ae1549c5dd82b8a3256ab76e6,Francesco Chicchiriccò,2018-12-28
997b5688a959fe4d91a6a42145012a4dc331a88a,Francesco Chicchiriccò,2018-12-31
e94b6e6dc282f396155c3d70dc8237ddff1a1f96,Francesco Chicchiriccò,2019-01-02
763c5ace75464090170c8caa07aceafeffe0e99e,Francesco Chicchiriccò,2019-01-03
997c380ae9218f54642d9314b055507313190bce,Francesco Chicchiriccò,2019-01-04
be3e26706ec5dfe04368d18177dfc4f39eb55f0d,Francesco Chicchiriccò,2019-01-04
f07a31cdba32df0ced32e9583d6a1c4237ebb57e,fmartelli,2019-01-08
0608a720438008f106e61a36b5d674cc46800994,Francesco Chicchiriccò,2019-01-10
ef4317dc1b9c095330d54773e489beec9ba7ef92,Francesco Chicchiriccò,2019-01-10
999613ffc08c02b06f981be5557b7860212bc396,Francesco Chicchiriccò,2019-01-11
cc1119af3585f1023494f1741a073d1b3bc5ab5b,Marco Di Sabatino Di Diodoro,2019-01-14
eaf70b1fbec40958ab917da88ff0797bd4abe09f,Marco Di Sabatino Di Diodoro,2019-01-14
e9b8d95a6823da542d6c41f9b979a4c4c88cab21,Francesco Chicchiriccò,2019-01-15
0ecf9b0a253c154b693c7a8a17dce5de78e4de71,Francesco Chicchiriccò,2019-01-16
5b26fc82fdacd8b4c74c05f045731984f957758c,Francesco Chicchiriccò,2019-01-16
106f4cfcab9d70c5709ab40214370e4bab4dd7f8,Francesco Chicchiriccò,2019-01-16
a97207906a16f50d772fbf80cf6b02b735ece0bf,Francesco Chicchiriccò,2019-01-17
39b760fa11d662951ddbdf78e5d9836e7fe3cfb0,Francesco Chicchiriccò,2019-01-17
553404490ec968fef1ee196b8f179b1ed7ab3b0c,Francesco Chicchiriccò,2019-01-18
409b071c78b8f5e3326ecc4366c05face2003b1b,Francesco Chicchiriccò,2019-01-18
9328a8edb52bfd8bdc1fbe970f47209a39ca9e69,Francesco Chicchiriccò,2019-01-19
f201793ab9b9a08bf87aa2064a9e090145cc9ef8,Francesco Chicchiriccò,2019-01-21
13127c6e770ab8eb473e1f04487f48dc03e6f9cd,Francesco Chicchiriccò,2019-01-21
507cbb8ce2489020d2c8fe5d3eb642ffed42adb9,Francesco Chicchiriccò,2019-01-21
190ada1a379791afb827607ac782ecc6c18defab,Francesco Chicchiriccò,2019-01-21
43e2cf225867dc5f7447ffb4496d68312d989d81,Francesco Chicchiriccò,2019-01-21
629704c44707175d3f2e42fa1a7e5cc85be2b4c9,Francesco Chicchiriccò,2019-01-21
5bd85029d0ad879456ab2b2fcc548cba7f1ff1fd,Francesco Chicchiriccò,2019-01-21
e15405c69a80af427108dfbc0965ea10a3247a89,Francesco Chicchiriccò,2019-01-21
af61edc264dac75b40dd547b27a16f9aa39bc95a,Francesco Chicchiriccò,2019-01-21
6bf0d92b0c14eb21b76c5ec6cbe26ad5964fd734,Francesco Chicchiriccò,2019-01-21
79513e4463974d0a7e752da25976398fb07ace32,Francesco Chicchiriccò,2019-01-22
cd986b876b9476f0ba79e406deac65de46243385,Francesco Chicchiriccò,2019-01-23
f4eb6fab0f7d7171f29463ac69c487d2f9740cf2,Francesco Chicchiriccò,2019-01-23
5dea08ba329d293b56a9274e6e657ae4dac38c8e,Francesco Chicchiriccò,2019-01-24
9f3b3e39f820d6d1445206e77323b5140d744179,Andrea Patricelli,2019-01-25
1dce9f3984a2b0c22b168f9dfe77104552adf03f,Francesco Chicchiriccò,2019-01-25
e87caba2dac72bf41b316ca4270e5c24dca4f91b,Francesco Chicchiriccò,2019-01-25
22221e7701dec17517bbbb0d5e250b91b6675204,Francesco Chicchiriccò,2019-01-28
591abc8ad4b8c9b3318d2bdd4ed152ff589c2eaf,Francesco Chicchiriccò,2019-01-28
44c1ee36085604ee7af7dfef820bdefcd95dd84b,Francesco Chicchiriccò,2019-01-28
f7c3ae47813131ed4a5d9c9b786c7c641459b648,Francesco Chicchiriccò,2019-01-29
dae2c2a442a928c351bbe25a9bc3b652a706e36c,Francesco Chicchiriccò,2019-01-29
89e8e861702d212a7b09f1f8e766bce0c3aba541,Francesco Chicchiriccò,2019-01-30
0e45c389c7c7f5108a62efafe36ded422fc664bd,Francesco Chicchiriccò,2019-01-30
a71e51c81bba94f23eda4aa8a8218d09b6e6e905,Francesco Chicchiriccò,2019-01-30
c7349473e7eca5fbedab9567edef17c48c3ae2cf,Francesco Chicchiriccò,2019-01-30
b1539207a4d106aa9b7d443afcecf6adf22541c7,Andrea Patricelli,2019-01-31
6c4680cb110a847f107cff1138189837c6ca5c58,Francesco Chicchiriccò,2019-02-01
667d1cc7de473b690fb80bb980ab7b5a66fbd19a,Francesco Chicchiriccò,2019-02-01
2ab1aeaf1d282011a3b8a2a6d670f72947af9b29,Francesco Chicchiriccò,2019-02-04
104a3bc5ea6631f2917669522238d992c4f77d35,Francesco Chicchiriccò,2019-02-04
58976e0280a4e47584d0f9cb8235676c92851d02,skylark17,2019-02-05
7482239477327eb9e758694e94514b9f8a5e0b02,fmartelli,2019-02-07
d6990a8e4a99693c3069738fe185dad83f9c22c1,Francesco Chicchiriccò,2019-02-08
a8f4ca65419614b4bff19143e437326d17a7b426,Francesco Chicchiriccò,2019-02-08
9a55bc474f41b62a1b65e718b3713695cd3852a8,Francesco Chicchiriccò,2019-02-08
3f5c0d2d85a9cb8f0079be20374b86994035db6d,Francesco Chicchiriccò,2019-02-08
6f86a2f10bab861f7094651e6222e54edd1da90b,Francesco Chicchiriccò,2019-02-08
ec25fe7f8f9dbb2b871df9f2ba56f753065015bb,Francesco Chicchiriccò,2019-02-08
8207348cfdafc628b45cee13430695ba02017c02,Francesco Chicchiriccò,2019-02-08
4e4f0e3ac9d27f999cd11129f7311911621a1757,Francesco Chicchiriccò,2019-02-08
6744112dfa3d0f90891e8dc6a3819cdbe86acb8f,Francesco Chicchiriccò,2019-02-11
a70bcca0d323a3291e84eb2f1f83a9543e0790da,Francesco Chicchiriccò,2019-02-12
6211002d868ecce41e0808220896706f2d307547,Francesco Chicchiriccò,2019-02-12
5f98c9be2669c958c368ff3b370a68d3569be8f5,Francesco Chicchiriccò,2019-02-13
83fb294b3f84e81ccd63da0177e389953ee04528,Francesco Chicchiriccò,2019-02-13
549480eb856dac77860d7f9d8b05a57d6992f2b3,Francesco Chicchiriccò,2019-02-13
96dbe54daaa0504d4ed621d2254fb7f157d873d5,Francesco Chicchiriccò,2019-02-13
ac207b051667fbf3bbeb2c66e22e8e696f2f73b5,Francesco Chicchiriccò,2019-02-14
cfd50c91697debbab82658874293987db95bf867,Francesco Chicchiriccò,2019-02-14
c30b88435355d51baf43c24f05da72f2868635b3,Francesco Chicchiriccò,2019-02-15
261a7450db465921fab440e0efd8b31dc2302bb3,Francesco Chicchiriccò,2019-02-15
0ae903d319ee810370dfc0f10f8da1cfa2fa185d,Francesco Chicchiriccò,2019-02-15
92d37e4ff8bed03d1d086282b9c00d5cd0607dc9,Francesco Chicchiriccò,2019-02-15
710d3f83a809ef5a9474bf43922e5d04eb171dad,fmartelli,2019-02-18
8161b5be5a5c4a29152f42808fd61c5d4000f586,Francesco Chicchiriccò,2019-02-18
c67bb81d625e854d97f465c85b26036eda458f3f,Francesco Chicchiriccò,2019-02-18
cff1b5aeb8acfdcd648f50c2d58cfc5d65e5754a,Francesco Chicchiriccò,2019-02-18
5f382061c55b327e56143e3ed940d04f619fb7b1,Francesco Chicchiriccò,2019-02-19
876da51f3d006dcd581611d3825a40c4e9ae4a5b,Francesco Chicchiriccò,2019-02-19
18cbae1eb1661363b654c623e959c368c0b1f020,Francesco Chicchiriccò,2019-02-19
715d400bbb4f8f473548c0ee5362614acb34be48,Francesco Chicchiriccò,2019-02-20
f3db2f09a6c3814e2b797856f25664a59bfbed34,skylark17,2019-02-20
bb33bd185e5fef973942e3254839f4a83257dfa3,Francesco Chicchiriccò,2019-02-20
15920e82efd347244ffe254abadf95c14d65c880,Francesco Chicchiriccò,2019-02-21
6f8c69a518cb2f3cdc1781d966318fa383f1ab5a,Francesco Chicchiriccò,2019-02-22
9fc6c19691495d52a2cc62641da536d29ebaada7,Francesco Chicchiriccò,2019-02-26
00b70d8526cd6b6771b3fedadc34e9174c30733c,Francesco Chicchiriccò,2019-02-26
0fcafea3b999085b8a09f47774b4321d1c7909b3,Francesco Chicchiriccò,2019-02-28
464dbb7541931f755828487af38126a2d040edfd,Francesco Chicchiriccò,2019-03-01
4c6b7e14d387656e4a4ba5730975c648a03628c6,Francesco Chicchiriccò,2019-03-01
9aabe1e8521bcafd1f3de6edce3335c23725c034,Francesco Chicchiriccò,2019-03-01
141edff18d7bca4ca681bd0c5bb0fd52f79b7f7a,Francesco Chicchiriccò,2019-03-04
d00eec5890038e9f766b8e9e03563cb57ff4779e,skylark17,2019-03-04
8b348db262d4e77285c88df9fe41a93dfabdeb35,Francesco Chicchiriccò,2019-03-04
4ce9519705ec1654feff660b4992aac9ad6c90d5,Francesco Chicchiriccò,2019-03-04
6e4093f9c727ca0e4bc2706a53a594d9556a1cd9,Francesco Chicchiriccò,2019-03-05
b31e471101b9188757e2bc3cc7ea7fc6f192922e,Francesco Chicchiriccò,2019-03-05
66a75481e5f936654eb4be21526c8e1185fb2a51,Francesco Chicchiriccò,2019-03-06
950e11d101b690daf30c6927bb793d0b159d01ed,skylark17,2019-03-07
431c351342e06aaf21a2984488b0259c891ff612,skylark17,2019-03-07
c8e5eb5b16dd3319fc10436c47407499e4d3a775,Andrea Patricelli,2019-03-07
afdbbe41f289db55a5e6cfc045ade622faea4618,Francesco Chicchiriccò,2019-03-07
43a914c87a6455386564ca7daaa48cb579af4260,Francesco Chicchiriccò,2019-03-08
94581e2d246c2dce598411c14d7fe94b695d97d3,Francesco Chicchiriccò,2019-03-08
256e51c6d881a4ea417cc11dac274712be583a4e,Francesco Chicchiriccò,2019-03-11
f0d443adc762170a286784f80d87c65800e48797,Andrea Patricelli,2019-03-11
2bae7c4f54afa85ef3c4c151ba1106fc986f26c4,Francesco Chicchiriccò,2019-03-11
6f9cf6bfbb840e43e6cbb7a43cfa7d995794dee0,Francesco Chicchiriccò,2019-03-11
480ea47befd1b651b373658960bd0beee9f6a9d7,Francesco Chicchiriccò,2019-03-12
b723ee53ebeeabd4e510ff7593b87cf167e5aaf9,Francesco Chicchiriccò,2019-03-12
544cd5df974c012b4d6d891c67176c524bf208ca,Francesco Chicchiriccò,2019-03-12
899aa0956245a87dbf04865874aa13ccf0edff5a,Andrea Patricelli,2019-03-12
2ba026dcdbb2b131fb9955a4026a45ce0a23ac68,Francesco Chicchiriccò,2019-03-13
e0fd890dd10585b6d77c40f73c434c394868598c,Francesco Chicchiriccò,2019-03-18
7a3d753b3c1fc6193a04ffd927f2cd260c8644c1,Francesco Chicchiriccò,2019-03-19
114c412afbfba24ffb4fbc804e5308a823a16a78,Francesco Chicchiriccò,2019-03-20
9e3d00d289f2d20edd91df80e5e73658b009ca34,Francesco Chicchiriccò,2019-03-25
ea2c60c973c485ceef19b956b70f4e989c0253c2,Francesco Chicchiriccò,2019-03-25
0870c9eee7ab79483b3c822ac7c84aeb433d3ba5,Francesco Chicchiriccò,2019-03-25
50469a15b51b99e6b1e52a05626f96e0b9ce6cdd,Francesco Chicchiriccò,2019-03-25
b15ba0b6d998ff4db5f918351d75c2dadcd80e2d,Francesco Chicchiriccò,2019-03-25
1dbf90719cffe66f828548603fbc3563595abbd0,Francesco Chicchiriccò,2019-03-26
55bab31e3726fa55ca4c910d74f5925ac86b3b83,Francesco Chicchiriccò,2019-03-26
556a390db6f174f8ed2e9437e99e4f412a970d3d,Francesco Chicchiriccò,2019-03-26
62f0cae50ab2996ecc9b0841eb2efb26d100e4b7,Francesco Chicchiriccò,2019-03-26
202337abbaf23aaed17f4f06aff2c618a11117d7,skylark17,2019-03-26
8d7849c86d3f49e422ab78765081d03f5ba6e201,Francesco Chicchiriccò,2019-03-27
c3635c437b982c91cb7e4eebb706972c1dada527,Francesco Chicchiriccò,2019-03-27
37c6aacd0dbfccdea7e98c95c94aea882b563d1b,Francesco Chicchiriccò,2019-03-27
5f13c73f2132fd0413c84aed0855da49711eee7d,Francesco Chicchiriccò,2019-03-28
ce9d79d9907448298b7809fe41f7746a890c0b19,Francesco Chicchiriccò,2019-03-29
71e98485d30eff294e07624ea9a15ac83010a5c2,Francesco Chicchiriccò,2019-04-01
494be3d685c30431ba250fc420eccb7f60cd0aaa,Francesco Chicchiriccò,2019-04-01
113fb0f1eb42aa2e1e0f3ea56fa666bb2d1956e5,Francesco Chicchiriccò,2019-04-01
a4636c0443d521ebc193cbf4ee6b4358c64bc0d7,Francesco Chicchiriccò,2019-04-02
289aeb35eed92e2cd5e9ce1b20af52d8a6620609,Francesco Chicchiriccò,2019-04-02
dd1e08852870bcb52968c75ea23f8501e9f01c65,Francesco Chicchiriccò,2019-04-02
87bb77322e8168ac965e31e6e9b45509151dcc41,Francesco Chicchiriccò,2019-04-02
77422d6ccad443efb80ed51669f2f9d3fce55b98,Francesco Chicchiriccò,2019-04-03
bdc33b614568c407cee21d90880e04d6dea52d23,Francesco Chicchiriccò,2019-04-03
3ae3b06578ffbcf98d8a29e6d643ff849e32ebb4,Francesco Chicchiriccò,2019-04-03
5461235cc7b935686bc8e526ab231a7fb191f7db,Francesco Chicchiriccò,2019-04-04
891a110b9fc3e32c0362d649ad488ab47174c1c9,Francesco Chicchiriccò,2019-04-04
418508dfe7ca919fb62296ff2aa0ca257ff8ddc6,Francesco Chicchiriccò,2019-04-05
09033dfd17258c17ab24ab8e26d9658da9df5e34,Francesco Chicchiriccò,2019-04-08
4d623ddf02bd8b048947c06a47c2adc8090a6f4d,Francesco Chicchiriccò,2019-04-08
022a7615dec5250c7cb50056de0e9ec9c67aa87c,Francesco Chicchiriccò,2019-04-08
43aafa5b5c0afb64a46f3c9ecd806c8ce1607c0c,Francesco Chicchiriccò,2019-04-08
36d4847df677ab5391ff673143392551c461e84c,Andrea Patricelli,2019-04-09
ebccc7c48709ae44f92bebc9702f8f319e9ca91e,skylark17,2019-04-10
6ccd49a45d3e1169ed5725c3cf7d3021b6367360,skylark17,2019-04-11
1b471a0ce8a0ce7c160774dfb52c6a39ca7c1d71,Andrea Patricelli,2019-04-12
f3baaae670b4292e714034b9e79d4ad42f2f2221,Francesco Chicchiriccò,2019-04-12
f91b28d9b7ae063444d903e5c4e4f801f329f9f7,Francesco Chicchiriccò,2019-04-15
b2e67ab00c20ce71229382cdadc0520a5a9b91c6,Francesco Chicchiriccò,2019-04-15
9a1ba6dcc47aa65ddacb990bd75d1bb68ace07af,Francesco Chicchiriccò,2019-04-15
9d5433aabfee7f57dfdb3d8d5105a5a99c6e0fa5,Francesco Chicchiriccò,2019-04-15
6b99aa9f47b88ca80a38018962bfa46137d1764f,Francesco Chicchiriccò,2019-04-15
f3e472f158eb6574f598b4fa8d6a12cb66295a7e,Francesco Chicchiriccò,2019-04-15
2358f285018483f0ea195e5376a4025ff4859a63,Francesco Chicchiriccò,2019-04-15
03993064cbdbb3e005f8c3715e518d4f61038b28,Andrea Patricelli,2019-04-15
92fbcc952720d900cfada1410fb3c9028931843a,Francesco Chicchiriccò,2019-04-16
62dad9ebd4ae80c645764deb0e7febe43983af41,Francesco Chicchiriccò,2019-04-16
f7f4f0ab2b79c4d7adfc993d2c3235a351040137,skylark17,2019-04-17
6b8a10fa0a9da23c52a08baa637ec7bfb5d4fcd6,skylark17,2019-04-17
33ebbfe1b053e1e6800ee2d6bc1d32dcc13cf1d3,Francesco Chicchiriccò,2019-04-17
1c2967d7691f5d9dbdf08f984d95c3de04c21879,Francesco Chicchiriccò,2019-04-19
e526bb1058df45298e3d60681a3132d997003559,Francesco Chicchiriccò,2019-04-20
40cabbfac3d48c2d27207e8a2eaf8d0c7ae92f1e,Francesco Chicchiriccò,2019-04-23
b5961f8c830fe6189150162220196687c2f0e880,Francesco Chicchiriccò,2019-04-23
b4c344cc92d2c10792b41f3507df79673b4918e3,Francesco Chicchiriccò,2019-04-23
0c219ae43bc50e53ca42fefcdab2ebd39011b941,Francesco Chicchiriccò,2019-04-24
f88dd737ccb2199f124fa17041a0c27e7d84f101,Andrea Patricelli,2019-04-24
49b8b0a4892258dc18547f0ae8444bcc2caa5912,Andrea Patricelli,2019-04-24
e1991041983a93a372dbda2c6cdd8b8ca3fbc656,Francesco Chicchiriccò,2019-04-24
83b1ff02f9a2b02c4a8b7ee50bc327a8c9e274ac,Francesco Chicchiriccò,2019-04-24
9957701e964409247e284ed0262d5afbeb965d80,Francesco Chicchiriccò,2019-04-26
628866065eab8e4445e5d1c0b191b536586d234a,Francesco Chicchiriccò,2019-04-26
de75ac3e3a32c1eb25376a48783ded4edf8f8229,Francesco Chicchiriccò,2019-04-29
578bc5eea7e61fc5c2bfa6519c9225502ee37040,Francesco Chicchiriccò,2019-04-30
44a906fe8dcf2225c7f49c736987fe557beb26d4,Andrea Patricelli,2019-04-30
580fba038b4ad2af7e45421fe0e55440d27d5e3c,Francesco Chicchiriccò,2019-05-06
bb822392ad6e62ce02061d41cd3452059972b88d,Francesco Chicchiriccò,2019-05-06
27f3aba37e780ae3852072a1be65d48ed0118c53,Francesco Chicchiriccò,2019-05-07
4cf2d5c306e1a89350294821924365fe587be16c,Francesco Chicchiriccò,2019-05-07
3419d9eddfe0bf74e3a8b108f43242b6aa654e19,Francesco Chicchiriccò,2019-05-07
4889da6f8fe620665720b23ce0148f0d7179e521,Francesco Chicchiriccò,2019-05-07
1940edb89c1e4a839f6bd2c2e82c690aae8ab3b5,Francesco Chicchiriccò,2019-05-07
7cd8ab0920be0f891f9b2625dd2890c069aefff7,Francesco Chicchiriccò,2019-05-07
cf294a26b3ed348d10055de8edca322ccdbf4770,Francesco Chicchiriccò,2019-05-07
bb7c2ba5d2cb60abe7e8f4aeb48615e8c2e79647,Marco Di Sabatino Di Diodoro,2019-05-07
9b115109b940470e6f1c183e0bd602b9d73ed9d1,Francesco Chicchiriccò,2019-05-07
f09d7b380279968098653296b95b3a83180ec8d3,Francesco Chicchiriccò,2019-05-07
f1dad86c6f9adfc7c0f4b1cafd135b66cbdaab01,Francesco Chicchiriccò,2019-05-10
5d4dc3d931e0a4cdf2f08f3690d4ae6543b5f9d9,Francesco Chicchiriccò,2019-05-10
824066b70d3f041a1d76aa85b1f6709bea88440e,Francesco Chicchiriccò,2019-05-10
62f0bd6b004f795771cba22771b5d3c4ab3587a0,Francesco Chicchiriccò,2019-05-10
bc3d2827aab94fb208457de2d75a3940479b7473,Francesco Chicchiriccò,2019-05-10
f3d08eea82c35ea26414d35b1c0332f2410fbc60,Francesco Chicchiriccò,2019-05-10
7376c1b2f80861305c7bd6e873f2231176ec73ad,Francesco Chicchiriccò,2019-05-11
730f144d8f72d0be1e18e00fcbf743b6d50acf17,Francesco Chicchiriccò,2019-05-12
3a9ed4e4fdee40979c3fb08c4a6e83137d296857,Francesco Chicchiriccò,2019-05-13
9574c6e484718732ebcb6fd3efecbc70859987f0,Francesco Chicchiriccò,2019-05-13
989aaf4c26fd35f311ee4ff316f4b2bd0625b3b7,Francesco Chicchiriccò,2019-05-14
ee604a07e0f35365f346e3a642b5da487681e875,Francesco Chicchiriccò,2019-05-14
e6a120243d9ba70cfad9bfcce35461b514256ac4,Francesco Chicchiriccò,2019-05-14
9a6362890f85b270418fc67b270cd63b314e2be0,Francesco Chicchiriccò,2019-05-15
07303b494ea41e2f85c7758c60fad5f8327eb200,Francesco Chicchiriccò,2019-05-15
510e52185065f9c47c51f157ca92489b40a37d09,Francesco Chicchiriccò,2019-05-15
4304e842541314ebde9c6dba640b980f24ef3795,Francesco Chicchiriccò,2019-05-15
69181840ee8b4d100fb5c3de99b693020a4d8b69,skylark17,2019-05-15
280ae5acc840b91a19d89b891508566c2be5e462,skylark17,2019-05-16
7f6cea08b223e22a7e10995e4f4226666745d0e8,Francesco Chicchiriccò,2019-05-17
f3f6690675021a90f534c4c6ba105d67d8a5c4af,Francesco Chicchiriccò,2019-05-20
8a346db96184faab979054a4658739a1a18f9335,Francesco Chicchiriccò,2019-05-20
4722c928d951c282cc67d78f66427ffb5c005c39,Francesco Chicchiriccò,2019-05-21
4589bf1deec0b6408bf4cb26c60be923c66f782a,Andrea Patricelli,2019-05-21
f76bff30c0b4c7018c2d84f9ac258dfd1c823c6e,Andrea Patricelli,2019-05-22
0e99ce817aea4945ee0d44938e452c77a88d7928,Andrea Patricelli,2019-05-22
bc50b6496433564df1388344d394f75bdd0b0dbe,Francesco Chicchiriccò,2019-05-23
e0a5bcea57e936971f749f70b0cd669d772839f6,Andrea Patricelli,2019-05-23
2a376a639f926d92605d5908048bce03f4be5718,Francesco Chicchiriccò,2019-05-27
b239e9f3ba08adf024f299a728f78bf847be5bdf,Francesco Chicchiriccò,2019-05-28
0486ab6f401540f7022ad827a2a138b827a0f4cf,Francesco Chicchiriccò,2019-05-29
23cc100d28e4dfe2b54304681a053fdcd1bffe26,Francesco Chicchiriccò,2019-05-30
54d7b571887e00811dfac6d9d845bdc8eb41db37,Francesco Chicchiriccò,2019-05-30
716a6c20c1acca5dafe813267614ff038123633d,Francesco Chicchiriccò,2019-05-30
9382f8b640ef6e7e599c28aaeb3268604b21663c,Francesco Chicchiriccò,2019-05-30
89834fbd96ef2a8262457882ed128fd8b893ac45,skylark17,2019-05-30
54b6c5093e43535997be4e9d297e6081512b5bff,skylark17,2019-05-30
3d6e0b6ba70bdfe0b0083215578b3def1fd0a396,Marco Di Sabatino Di Diodoro,2019-05-31
e08e87814fed00b00a897ba1d7be53cdb68e3f11,Andrea Patricelli,2019-06-03
5e26a2feacc7672c40e2e40b28a9b8e3af427574,Andrea Patricelli,2019-06-04
a123eda1dc15f1d20000087e3121ac28bd048328,Andrea Patricelli,2019-06-04
950446e1b66999a7c02f9813e3d688fd5535e982,Francesco Chicchiriccò,2019-06-04
ef1d8f7a4f940eac3d93e24bf6cba40204eba5f5,Francesco Chicchiriccò,2019-06-04
225e32f9244e70d4b3bef2fef29e412a01493aad,Andrea Patricelli,2019-06-04
e75e0bc96f8b06578d6b947e6d9ab69e2b1a7887,Francesco Chicchiriccò,2019-06-05
0ec02b209814446e8e254a3222649de5c1111097,Francesco Chicchiriccò,2019-06-05
785e0fa659cbe853c81b45a571819d34a01dc64a,skylark17,2019-06-06
8cf6fc1746df33f54ba440df6c3a6304e7d2f6a9,skylark17,2019-06-07
b0c423af80d5df8d26163a7ac290e551e8fbd3ed,Andrea Patricelli,2019-06-07
bd89fd4773f1ecb8e6d2ea3aff994f3a3a21b46a,Francesco Chicchiriccò,2019-06-07
56326567d62b417605bc5da683e350027a57c742,Francesco Chicchiriccò,2019-06-07
118985c1cd4ced6b8a19d05e5725568982562931,Francesco Chicchiriccò,2019-06-07
e9743ceb3d8256e958df333689e6e707a91b5a86,Francesco Chicchiriccò,2019-06-10
88b07a2280876a8b94c922f313f34ab652555416,skylark17,2019-06-10
4969e46287939cb353845f5d55fcbc015bfeeafe,Francesco Chicchiriccò,2019-06-12
eab8932b33b36435996aaafa87cdd3a336beeabb,Francesco Chicchiriccò,2019-06-12
082f9786ac0c656faed3bfd1be17af1bcfc80005,skylark17,2019-06-13
6edb4b036eaf77c550e9836fb7da5e0a66e2654a,Andrea Patricelli,2019-06-13
f296b577d24188780c6601ecc0cdbbac1a06b46e,Andrea Patricelli,2019-06-13
a1294a0654fdf337022b237571975a7ead403fab,Francesco Chicchiriccò,2019-06-14
9d5f8591147f1819354803e8e4c71025749d5a41,Francesco Chicchiriccò,2019-06-18
5044f2609f3cba01d921d02a54075d7b25e6030b,Francesco Chicchiriccò,2019-06-19
ba5e30e26320088ca066dc8e3d52a579de2619c2,Francesco Chicchiriccò,2019-06-24
4c7a7f6fc4b4883d2a912029a7b457d45de3907f,Francesco Chicchiriccò,2019-06-25
4eccdae867a056514ddcc3e8c57668f537fcdb86,Francesco Chicchiriccò,2019-07-01
d8fd4c9cd310909b7bc9e7921c42e1d8a73dbdce,Francesco Chicchiriccò,2019-07-03
9d7a7a6128387ca1316b88bacf55cb3c3ac14ff3,Francesco Chicchiriccò,2019-07-06
2809d00e0ac33c48b6c7536212411aa1c6919c77,Francesco Chicchiriccò,2019-07-08
89c0c0cb8a87c8de23c60866e52ed7e1a1703ec1,Francesco Chicchiriccò,2019-07-08
52f726d85526321d52d0d50f178659361a128eb6,Francesco Chicchiriccò,2019-07-18
097a0a85e921167ebce1c8b203f77ec3f3908e81,Francesco Chicchiriccò,2019-07-18
2b1b1212a7fed82c88de709580685daf30b14428,Francesco Chicchiriccò,2019-07-18
c880152a92095bde4e962c7d1d827abd27d02990,Francesco Chicchiriccò,2019-07-18
fc974e15fdc7752d5751ae7af349c4d1b1a52b74,Francesco Chicchiriccò,2019-07-21
ccf3091eff236d5a2ce5ba063e794ab196256246,Francesco Chicchiriccò,2019-07-21
33c9ea47397f19c43cd9bc667c66ac5e32a87aa3,Francesco Chicchiriccò,2019-07-27
3b7fa75537625eecfeec855917c21e190c3d80ec,Francesco Chicchiriccò,2019-07-31
8de1a6cebdfae0262366954045eaf718f3eb19a5,Francesco Chicchiriccò,2019-08-05
91f6c483ab4ec41f4e504ceb1f67ac7f17457419,Francesco Chicchiriccò,2019-08-06
af006f9a2c49d21bda3541e4c2893fb2e8b8aad2,Francesco Chicchiriccò,2019-08-07
067261895d9555953b606c52e8cdbcf3f5df2964,Francesco Chicchiriccò,2019-08-09
6f533d4ad51874540a61efea8db577c0d2c8c629,Francesco Chicchiriccò,2019-08-12
cd6f08bda7d56ab473b2cc886882e36bb9fbd7eb,Francesco Chicchiriccò,2019-08-13
bd70d14885d5f03fca33f49558db49774a78e15d,Marco Di Sabatino Di Diodoro,2019-08-13
0f2eb08df0beb86d6a66a952ae1e78b6cab0367e,Francesco Chicchiriccò,2019-08-14
61675e68c9231afa6861282de0a8a8c3bcb96d36,Francesco Chicchiriccò,2019-08-19
d0ddb82f441524bfb8404bef07c8ff6afd98224f,Francesco Chicchiriccò,2019-08-19
94bd632c456c164c43dfcb9ac0491e0598151694,Francesco Chicchiriccò,2019-08-23
eb1eba0298078b1c832599103b6540829f759564,Francesco Chicchiriccò,2019-09-02
29ec26222f40ae819ed103ce94a1f72cef01ec1a,Francesco Chicchiriccò,2019-09-02
344c511e9a9096b63b5976fbe56c71dc8969c1c1,Francesco Chicchiriccò,2019-09-03
d80e066328e9883eb5c26c4b9742833f3e491e1c,Francesco Chicchiriccò,2019-09-03
ac69701ffa8de228575349c28396f6113849ffeb,Francesco Chicchiriccò,2019-09-03
edfb42c8b04289793ed9529803df8a61c04be6a7,Francesco Chicchiriccò,2019-09-04
93b8d3e62c777dea95c52cb4a560fa4f8ef8c840,Francesco Chicchiriccò,2019-09-04
9feb0fa02f9a4190e4eb6d1c2887482204605949,Francesco Chicchiriccò,2019-09-04
052d10c4dc38163a488b395ceb7ebd3dd971aa4e,Francesco Chicchiriccò,2019-09-04
2c8ae65656ef5eef01206903f4478f095771a7b4,Francesco Chicchiriccò,2019-09-05
c8199d982c8b75eec781f0771a8a44ef582adfee,Francesco Chicchiriccò,2019-09-06
45581d88baea36939a0a262160d1dbfb87cc7e09,Francesco Chicchiriccò,2019-09-09
3a59f86140728d66441d2a45cff2957553b24898,Francesco Chicchiriccò,2019-09-09
61385632208864e645e7a33d2db962c2fd8c99fd,Francesco Chicchiriccò,2019-09-09
dfbc79f608fc6570f9fc09e9d022f1bc6b83aea7,Francesco Chicchiriccò,2019-09-09
6864923b61c395b7be3bcf2e10b5d50aea547515,Francesco Chicchiriccò,2019-09-09
e0ba6fe2b5def8168672a86fd91d77d662ca58d1,Francesco Chicchiriccò,2019-09-10
9d79fa626884c4e0c21f70ad0e4459965026abd9,Francesco Chicchiriccò,2019-09-10
b8a1d39ae8fdd12a76a9a68695092b4ecb25c282,Francesco Chicchiriccò,2019-09-10
c98d2d7861827d7d03f6cf7c8d0e93ef462f9eef,Francesco Chicchiriccò,2019-09-10
21d43a3014db1403c6486bb66748f9204c5a2ad9,Francesco Chicchiriccò,2019-09-11
3d9fa5874a30a947d22f91bd897c908f2d9f71a2,Francesco Chicchiriccò,2019-09-11
ff9cb07abf411cfdaa7ba3fe020062e75cf4cc8f,Francesco Chicchiriccò,2019-09-11
d4b50ba683f0cc7b5b03cf609040bcc8455f2dc4,Francesco Chicchiriccò,2019-09-11
db2f9ecbe24a15248fd08fe96814f7a7dc1d15a6,Francesco Chicchiriccò,2019-09-12
96ec75bf496cfcef2ddae9bb4eea0c8f7a45a0d4,Francesco Chicchiriccò,2019-09-13
fe2cc41259f8868d72d6aac809c440a72b1fb104,Francesco Chicchiriccò,2019-09-14
ab30b54e852ac6372176b43fcbf427aefa19b443,Francesco Chicchiriccò,2019-09-15
24205a82cf743722e1cde64afde060a320951f52,Francesco Chicchiriccò,2019-09-15
e453a141a6b3bd586702c1ba972c0e8ce22145b5,Francesco Chicchiriccò,2019-09-16
8012b72f248833a98a0cae49ec43a6c3f5c0cfff,Francesco Chicchiriccò,2019-09-16
2697dd5178d8f577e9a74e9384c6c9604cdc09bb,Francesco Chicchiriccò,2019-09-16
7637ee4510ca55cccc2f07fcf737f9638c833fab,Francesco Chicchiriccò,2019-09-16
ee9a17c67fb2d2e44c3a893d128675c46842151a,Francesco Chicchiriccò,2019-09-16
7708e345723b637736987630dddb0f9214310344,Francesco Chicchiriccò,2019-09-16
967ac601d4258b10e680ddedad5bafd8cae867df,Francesco Chicchiriccò,2019-09-17
27bd53cd87f36463f8fbc852fa545f0512bf24e7,Francesco Chicchiriccò,2019-09-17
ca8fd6c5df41c35ba3ed6e04c70daceb599509e1,Francesco Chicchiriccò,2019-09-18
6684e84ea19fc1cecfb1b0898da644e5cdc31877,Francesco Chicchiriccò,2019-09-22
0a330986e5a4a1e6383e87290fb07026e25fb89a,Francesco Chicchiriccò,2019-09-23
eaab1bc826a871af07cd449e74e6db4e9b908bf8,Francesco Chicchiriccò,2019-09-23
c89a65a4ff1c57e721fec31ca72462fbfae96211,Francesco Chicchiriccò,2019-09-23
1fee32d7daf90089f1880720f6463e2ddec0f469,Francesco Chicchiriccò,2019-09-24
b65f4487401fa7d7456d3857d460064c5d6eb7aa,Francesco Chicchiriccò,2019-09-24
40309e1ca70b58da616dba0c0f70328e2fb045df,Francesco Chicchiriccò,2019-09-24
a49f63ae4b26cea1abaa51df34e800bc85fc6a5b,Francesco Chicchiriccò,2019-09-24
8b693ee0d9326c08354e48aa8e26b41e12e86f5e,Francesco Chicchiriccò,2019-09-24
1d3ff505db0b65e0dc6c7eebc7da748c774710e7,Francesco Chicchiriccò,2019-09-24
4e3e48ac6656b3fbd39ac55ccf04001a774bb35f,Francesco Chicchiriccò,2019-09-24
6d120ebd6b1cbf5755ba5d4f58ad6dca382eef6e,Francesco Chicchiriccò,2019-09-26
5f4d29b3f83b195182bdbe38738e77f8abe18150,Francesco Chicchiriccò,2019-09-27
5922db7a689ed8287a04bf107ea9beeaaff02d02,Francesco Chicchiriccò,2019-09-27
9b446d414f9496367da936b64a5bc553e860fc5c,Francesco Chicchiriccò,2019-09-27
44d01c8132e63353e611577105a55eee1d283da1,Francesco Chicchiriccò,2019-09-30
cdce50214e8f0c4036b9f9633060c189421333dd,Francesco Chicchiriccò,2019-10-01
5490ea71678939b5fb33bc3c1367f9f78f3636eb,Francesco Chicchiriccò,2019-10-01
692a7c5539d3aa7c9bac5e11c49252318eef871a,Francesco Chicchiriccò,2019-10-02
e3d45b47491ef648ae92d7d35c51a051bce8775f,Francesco Chicchiriccò,2019-10-02
7ceaf3ee0dc3c6d2dcbbfa3fdcc6ec9adceffd97,Francesco Chicchiriccò,2019-10-03
55ed9c2c322b988ac633559aa5f5d8aa27a3a0b3,Francesco Chicchiriccò,2019-10-04
634d275d33cc92f420edcc8bf50c926b391496de,Francesco Chicchiriccò,2019-10-04
7032621407010a47e54a9433f9d5d23e78ded36d,Francesco Chicchiriccò,2019-10-04
8dfa1c53ec763026c192ea81b99402cb7b297ab4,Francesco Chicchiriccò,2019-10-05
79c3ed840793f753ce208ae49ff4a4bb5bd05c1a,Francesco Chicchiriccò,2019-10-08
cb560bf69bf951bdff34abf3ffcad8fff82c6a11,Francesco Chicchiriccò,2019-10-08
7ff279307f27e5c4e439b32b67024d457c70f720,GitHub,2019-10-09
4cef608c6c58569057d5a8ac00cfc0cf882f9f96,Misagh Moayyed,2019-10-09
e0c2fd972523fe2d34f5ce1e98db23c2f63989f5,Francesco Chicchiriccò,2019-10-09
52062c462fffa5a440bc75952d9ec832f44914f0,Francesco Chicchiriccò,2019-10-09
5d2e3e4b2b687fa6a7316ee5b7fddb57772fb251,Misagh Moayyed,2019-10-10
92b8519b44e7bf76ea69eb3b38b35b8c28c3b550,Francesco Chicchiriccò,2019-10-10
2bff895d5ecdcf2f1beab202b4ee818243faf654,Francesco Chicchiriccò,2019-10-10
b4b373e84c63542196cb9ccb0cdab3f99cdf0609,Francesco Chicchiriccò,2019-10-10
22d7fc9ae944ced3b9711209992c1503547c93f5,Francesco Chicchiriccò,2019-10-11
a7a3009a5002f6e72fe5d19eb99382c28f374799,Colm O hEigeartaigh,2019-10-11
16fb99560c65b66ae86a09b14d546d77e079344e,GitHub,2019-10-11
8bbb5c9aa8e3ecb1f08fcc3928f130cc772b5df8,Francesco Chicchiriccò,2019-10-14
9a5c17d736f1bc7c79724960b6f52593cf48be9a,Francesco Chicchiriccò,2019-10-14
93630ce8581299fe3d2dad886ead52e6494826d7,Francesco Chicchiriccò,2019-10-14
bae099d650213bdafaa832966738461369ba965f,Francesco Chicchiriccò,2019-10-15
352bd60131f0cb10526108b54167ffbbab93e731,Marco Di Sabatino Di Diodoro,2019-10-15
77b1f86dee51eb0bae3a26d2a150ffe6fde03d3d,Francesco Chicchiriccò,2019-10-17
08a534d6464d78dbc24a9dd58dd04ecfcddb11a9,Francesco Chicchiriccò,2019-10-17
ae51fbe1ef8dd658a0ffea25082d5419fc21fd64,Francesco Chicchiriccò,2019-10-18
4b20e81b05948da257eded5601b5538cf92f919d,Andrea Patricelli,2019-10-21
64495efbbc906599bf3c7de1c0692a7c3139b024,Francesco Chicchiriccò,2019-10-22
9c059cd836de7f0ceab30e084dab8a775a5c3480,Francesco Chicchiriccò,2019-10-22
2ffb856949c0f13eba1d32d3fd7630306f28973f,Francesco Chicchiriccò,2019-10-22
e3311e67593cd2b4f6802dd30d27376a635e55a3,Francesco Chicchiriccò,2019-10-23
5e7c289802420d6c248a63f2137fcfd656eae35c,Francesco Chicchiriccò,2019-10-23
b2fb1e6a76ccec7d705b9a530b250ea0189bc4f5,Francesco Chicchiriccò,2019-10-23
4b46a43a3d0b2df0334269121e976092d3d1af33,Francesco Chicchiriccò,2019-10-23
885f25c459d0f53b5ebe623006cf3d4f4d076f28,Francesco Chicchiriccò,2019-10-23
eecb7a11f1f2979731fbec0a75d8739975a92038,Francesco Chicchiriccò,2019-10-23
ad01e02a84bcfc837cb4106d40affeaf5f744aa8,Francesco Chicchiriccò,2019-10-23
def38ca22f6390d8fa2bfcc72ea56633f3962c09,Francesco Chicchiriccò,2019-10-23
f3a3367c1748186b3046d684a795f9169a18ce88,Francesco Chicchiriccò,2019-10-24
1a99144a90a7d11ff520cf7f9ee1004feda976f4,Francesco Chicchiriccò,2019-10-24
7c3b445b2df70bfc302d5758109699d82a69a923,GitHub,2019-10-24
4d5284fa7acf9ad4515e62cbc1014997e8a4018b,Francesco Chicchiriccò,2019-10-24
20a0f162ac61246ccfb60917220da79b59e2fe2c,Francesco Chicchiriccò,2019-10-25
5d6eb7c9605c29b1a3bde4d85389a5368331ac08,Francesco Chicchiriccò,2019-10-25
5ee47fc97464b2f32e7677d6e92834faa3b3080e,Francesco Chicchiriccò,2019-10-28
3447565271997530855c3ca0076855adb92d5d18,Francesco Chicchiriccò,2019-10-28
466506ef046d529a0b5faa0e2b43c0d1b6861d75,Francesco Chicchiriccò,2019-10-28
cfbb07674dbd9d471f169c720af3fcf6c37f6a48,Francesco Chicchiriccò,2019-10-29
d58331778ed51a9436d844e90a15ba4ff98ad8f1,Francesco Chicchiriccò,2019-10-29
178a83160973f370f9d0009c53e9c8d5c8cf56b6,Francesco Chicchiriccò,2019-10-29
27ff81287a1dbe1a6ed6c5e5889717f56187c224,Francesco Chicchiriccò,2019-10-30
23105a744c7ddfc1fa47737a59d9e03d67530b1c,Francesco Chicchiriccò,2019-10-31
82ffb1ed1216e8b6a8d60d47819ddbd1f320c8cb,Francesco Chicchiriccò,2019-10-31
96bb915d19c492c51c1b8b49ecf5250cf2098c2e,Francesco Chicchiriccò,2019-10-31
263cce7fc88c8c46da7f392d2e1e66251b0c0279,Francesco Chicchiriccò,2019-10-31
1ff32c0c07e8b95368f971cca5fedbc393ce3e56,Francesco Chicchiriccò,2019-10-31
325e06092cbabacb828c1dc1d414c4dccf01c8c3,Francesco Chicchiriccò,2019-10-31
7e1267ff1d2b80a063112f6b62fd98361d1b0c54,Francesco Chicchiriccò,2019-11-04
ee8ef35a22bcbcc916c19b9f7efa18a58c264ea9,Francesco Chicchiriccò,2019-11-04
dd1ff8243199cb90ab9708ca371a98542fa1265c,skylark17,2019-11-04
b0df00f3be5203fc2244d6fc8298f5cc1cafef51,Francesco Chicchiriccò,2019-11-04
8a64410d07a1515913673a254234fc722c017b72,Francesco Chicchiriccò,2019-11-05
60661a80fcfb29b803dba82584d20646d2164f7c,Francesco Chicchiriccò,2019-11-05
3f591564bb879722fee1bbd0a1b736b956155b83,Andrea Patricelli,2019-11-06
aa3c5ee3d7331c77672f354b40209e25e3d74a1f,Francesco Chicchiriccò,2019-11-07
d605b6d6dc4c656086f56bd27b38642fb4fbda63,Francesco Chicchiriccò,2019-11-07
68b64f84e54bc84dc2a05d34b64dcbda3434fff9,Francesco Chicchiriccò,2019-11-07
553b33a46a2b2b2f6219b4a8c1512009e8306c3f,skylark17,2019-11-08
c11127bcca4d9020a96f58d38f67bfa00331dc6d,skylark17,2019-11-08
7a4e1c0d57104f1c4272319a1da91a547b42a6b7,Francesco Chicchiriccò,2019-11-11
63cf6dcfb68113b0330086832829ee4483d17aa5,Francesco Chicchiriccò,2019-11-11
6690009218b47e53063a6e4c8bde1af090eda717,Francesco Chicchiriccò,2019-11-11
616329ee7089189c6a4832304252736198270171,Francesco Chicchiriccò,2019-11-11
55cff7eb557098116b44e8989bc9c2294b1eeab7,Andrea Patricelli,2019-11-12
4b0784d2909c1887f2b2b912b1d08726fc55b3e3,Francesco Chicchiriccò,2019-11-12
8735ba5934e47128ea46feadc6d4bdd2b0970a79,Francesco Chicchiriccò,2019-11-12
8562fbdb20a9dcfd8caebbdd658300cbde78718c,Francesco Chicchiriccò,2019-11-13
c47430de9e0a29052ce77bf811ddb24657b4c7fb,Francesco Chicchiriccò,2019-11-16
c1b01ffca10908e4fbbe21edde6c6e0a87935498,Francesco Chicchiriccò,2019-11-18
44fead1548022bba9589d8136f2c4f8c2af83842,Francesco Chicchiriccò,2019-11-18
087926ee1330ec4830ad947a49f1a6286e353055,Andrea Patricelli,2019-11-18
cc5966346c8aa664454838967c7da40361e9d7b6,Francesco Chicchiriccò,2019-11-19
26e062ac6c276316f0ee1b7ec5e43440e517db9e,Francesco Chicchiriccò,2019-11-20
dcf989528636f0adb0854355102fa85c10280118,Francesco Chicchiriccò,2019-11-22
80cbe283ebd5858a00a6d50ddd035f2ada72d415,Francesco Chicchiriccò,2019-11-22
d81f4c8207e0da8da54ec53dc6413b211b14d986,Francesco Chicchiriccò,2019-11-22
dea26b77991d4a1e212482a372d0f0e1cfeea188,Francesco Chicchiriccò,2019-11-23
9e168b7f2f7a7ef42c905f2179aeb6315125c5b8,Francesco Chicchiriccò,2019-11-23
dea9c22f4c88a7d8cc1f1abf87be40dd0383b647,Francesco Chicchiriccò,2019-11-23
c8d6b802fcb9fc2d512077c1939ab369a1d75edf,Francesco Chicchiriccò,2019-11-25
6ed1246e7b72a00b237ff679f1a9b07ae232fc2c,Francesco Chicchiriccò,2019-11-25
88c7f73e154a2de4bd6653c715528135e4a13274,Francesco Chicchiriccò,2019-11-26
7d6bfc655f8d96212e036c711062269fb9491db4,Francesco Chicchiriccò,2019-11-27
25515a6e5ee6290adc1879e4cfe65ea0e87746ec,Francesco Chicchiriccò,2019-11-27
5d3ab984ff2135d6bf9aded85e98fdf7faa5883c,Francesco Chicchiriccò,2019-11-27
33e36297fe1ad7447a868d6f457fdca5231e6b4a,Francesco Chicchiriccò,2019-11-28
599b090ad5714a21d443cfe1409c9d14881a3431,Francesco Chicchiriccò,2019-11-28
5df443c0be57273ad2b3d34e1df9f1f26c59b7ea,Francesco Chicchiriccò,2019-11-29
af43767bfe1b0fa840abc0a58986350b69e2f719,Francesco Chicchiriccò,2019-11-29
9b5102ebfabee8f8eac6f51b4d684d806e5aeb8d,Francesco Chicchiriccò,2019-11-29
3227eb13405fd33301c4da2f26470a3965defb30,Francesco Chicchiriccò,2019-11-29
c1502d5db7c8d3d4bca05380627108986738dc32,Francesco Chicchiriccò,2019-11-29
5c6c6d22847ec2c95169632ff8138f5749cdf34a,Andrea Patricelli,2019-11-29
7a9d868f2c3353697efe1808821e1ba5283c352a,Francesco Chicchiriccò,2019-12-02
460fa826d4136bb1bec5a271232f5fa0405a36c0,Francesco Chicchiriccò,2019-12-02
5c2b4de1ba2c52e53f545ed0aeb856642c4a2fff,Francesco Chicchiriccò,2019-12-02
65bbcf2b27af160d88fabad3b623a05436449952,Francesco Chicchiriccò,2019-12-03
dbb71e6e5b5ca6a52f9d9c3357333345eaf06ee9,Francesco Chicchiriccò,2019-12-03
922da40842bbd65df2eedca3e63f375614f888a6,Francesco Chicchiriccò,2019-12-03
bec0a2718694d18b932e8777d4b51927a17ea15d,Francesco Chicchiriccò,2019-12-04
7dcd93842b7ab82b9092d74681885b890cc7ffd2,Francesco Chicchiriccò,2019-12-05
fec04d0468ab4bc2933709a6f2122477e08f750c,Francesco Chicchiriccò,2019-12-05
38ea36567fa1f09dbb4ae77fa13095b58dd757de,Francesco Chicchiriccò,2019-12-05
0678697a4011825de1c5de69d51053f841000001,Francesco Chicchiriccò,2019-12-06
ac5dafa5340350fecb0871fc554054aacf991698,Francesco Chicchiriccò,2019-12-06
fa478fd271ccc635294b32a15a92f36bec3395ee,Francesco Chicchiriccò,2019-12-06
329bd014c0fdfaa4e966d9ea380f9de154d3edff,Francesco Chicchiriccò,2019-12-06
f6f6c7e6c71f5ce8c6b660f7d040e364ff2578e9,Francesco Chicchiriccò,2019-12-06
886d9711858389a83586eb883fd685035fd94692,Francesco Chicchiriccò,2019-12-06
b5e932ea2289796bf89282deddc3bbe80aabfc86,Francesco Chicchiriccò,2019-12-06
8bba9c370af434960931c399e184009e90cb73f1,Francesco Chicchiriccò,2019-12-09
94462a6e1d6c7f784a73e091c451a3e5ce6e15c4,GitHub,2019-12-09
ed0555ad79574f23a447bb775bd430120d55437e,skylark17,2019-12-11
7d15b4c268b0950b49a55010cb5df6d3c5c0075d,Francesco Chicchiriccò,2019-12-11
e762094d0665264f1dd66aaed34434e8054560e5,Francesco Chicchiriccò,2019-12-12
1f71884ab5ad77ce7890169f36692928f9a16d14,Francesco Chicchiriccò,2019-12-12
2e8400196dacdaae08f123d3a8a190d69191cdf9,Francesco Chicchiriccò,2019-12-12
bfa422ea43bbe9f13717fdf2c902bb141c54fc28,Francesco Chicchiriccò,2019-12-12
13fdf4bab2dac37880226a5ded220a392933e662,skylark17,2019-12-12
34aed95cb166d3e55d13fba139a362e81a2035be,GitHub,2019-12-12
142574f4769877a680f868ec73e39e13f58ea245,Francesco Chicchiriccò,2019-12-12
4343b297c4c46dc76933285392cfee5a81446a20,Francesco Chicchiriccò,2019-12-13
27a614f389bc85c1eacc8e6b2af77ac7ad66754b,Francesco Chicchiriccò,2019-12-16
7f11c508e45c41d619941e56802a0e55e4e269a3,Francesco Chicchiriccò,2019-12-17
e60ec59c065133ea272ddf55be93c15ba3117e4f,Francesco Chicchiriccò,2019-12-17
414e2b314f7f26040f0f14117d3adc2f21b68cd8,Francesco Chicchiriccò,2019-12-17
475d6ca6de6f2c521ad07d983b0861c949c73756,Francesco Chicchiriccò,2019-12-17
028a232543a5ae5c9ee60de532f3a7e6a841e78f,Francesco Chicchiriccò,2019-12-17
7d5954dc188b8f39ab67834dc11f9d1f8277e5ff,Francesco Chicchiriccò,2019-12-18
817eb95d310877d66d76a5274ff31952c3e674e0,Francesco Chicchiriccò,2019-12-18
3a39237867454eec817d246eaa224b725c0ac06e,Francesco Chicchiriccò,2019-12-19
fd2dd4a0723a34dd4d1a76245addd4c52f23d5ff,Francesco Chicchiriccò,2019-12-19
b9b5707e0d5a434530f937bbfec877b67d1cb3cf,Francesco Chicchiriccò,2019-12-20
45ad9ecc793f19a7c3f5fcf6fe956e728966b68e,Francesco Chicchiriccò,2019-12-22
4d2ca352a2a1a3128cee57e4f7796c8c7cba558d,Francesco Chicchiriccò,2019-12-23
ca8eb4fdb75c391ecb59987d76d1fdc08bd82deb,Francesco Chicchiriccò,2019-12-23
bf1eb2d229f18c2f3e4547b06acd8b89a9c57a29,Francesco Chicchiriccò,2019-12-29
7c971849d2204448dbab6f06702ae4eac654c019,Francesco Chicchiriccò,2019-12-29
8571883e34fe6926da557d4f0041e7bb73618ad6,Francesco Chicchiriccò,2019-12-29
ba66e38f4d39edb0ee46420533f627c48f2ba56e,Marco Di Sabatino Di Diodoro,2019-12-30
34cf9b47683822edea712cac16b054ef8e605be4,Francesco Chicchiriccò,2019-12-30
6f08020364b50e8ed6df3d7ccc75f7ad3d358828,Francesco Chicchiriccò,2019-12-30
88c7aa52edcbf5f1e572ce2b2b9543a465ecb98e,Francesco Chicchiriccò,2019-12-30
4f63cab0c52253d6b6022e39a13b1be8f101a510,Francesco Chicchiriccò,2019-12-30
1430767c8a5069175f412428b3e101eba1deccce,Francesco Chicchiriccò,2020-01-02
91c7ae52d57361ab3a2585e1d71e43bf9ff0e3e5,Francesco Chicchiriccò,2020-01-03
4821d51b4cd155377b35d3807cb7da7254d1d59c,Francesco Chicchiriccò,2020-01-03
d70722588f9870d37e66641152fea8914a9a6bc2,Francesco Chicchiriccò,2020-01-03
b78c7e6ef9d4c94ec0f0966ab26be42b43fce095,Francesco Chicchiriccò,2020-01-03
370867bc392dc9b1ed884660d91315f6b2065eee,Francesco Chicchiriccò,2020-01-03
e81b5b260fe16df7bd1f88b89bdaabb3d4844a7f,Francesco Chicchiriccò,2020-01-03
8164fef5a1eaa688c3b131c3b90bdc36e6034e3e,Francesco Chicchiriccò,2020-01-07
a9cec3b3ea3ca4f727807af51eb9f0d00ace882a,Francesco Chicchiriccò,2020-01-07
f3314bbc1beefabb1d82fe3bf17f8b5a4a7aba23,Francesco Chicchiriccò,2020-01-08
7adde17fdc741a81a44506c08ffcd0274c5c3a23,Francesco Chicchiriccò,2020-01-08
18d84af51dee57f4636ddca65dcdf33b4b7e29f5,Francesco Chicchiriccò,2020-01-09
21ac766cdd2dfa67babee9280cac9dae7f4647ac,Francesco Chicchiriccò,2020-01-09
62507c50edd25c9c7e1bf616e4a1bb4222eeebcd,Francesco Chicchiriccò,2020-01-09
77f09445c5ec791aa0ef2639364d0bd26cf39ebc,Francesco Chicchiriccò,2020-01-09
b30a93bda0935962469a3f30b9ad93f301e5073a,Francesco Chicchiriccò,2020-01-09
856198d6e96373b6cb8a828dd6f9a64770f7bd08,Francesco Chicchiriccò,2020-01-09
3ca5346192dad6ad4b66c71c2a2edd9ca628b338,Francesco Chicchiriccò,2020-01-10
95089d2f61b34a005488c46328c94ef37e614db4,Francesco Chicchiriccò,2020-01-10
674215d262c36bc724fc65e264e4dc52284de962,Francesco Chicchiriccò,2020-01-10
77185ee7028ead519e648acaabf59add227376fa,Francesco Chicchiriccò,2020-01-10
3b4755e5f5640ef0debe371ff11700686138d7b0,Francesco Chicchiriccò,2020-01-14
6c9fc678f121dae659073f27636e2efa0e3ca70f,Francesco Chicchiriccò,2020-01-14
6badd40a1139b1e1ca5259db676ecb345c0db84a,Francesco Chicchiriccò,2020-01-14
3ab88279963d16b8572f017794346f86927cea6f,Francesco Chicchiriccò,2020-01-14
0b5c6d27ed020733674f29df318b12844f8cf173,Francesco Chicchiriccò,2020-01-14
c1ae2ae798f664b8a5188865d36af9d712647586,Francesco Chicchiriccò,2020-01-15
5ee66e116e8cd6a49ba94b0086d0b5ccf74986a2,Francesco Chicchiriccò,2020-01-15
69f5e79a1d15c275ddd1627701a2be431b56d99a,Francesco Chicchiriccò,2020-01-15
bc88b6901205c33c71fbac5c232cb443ab90e342,Francesco Chicchiriccò,2020-01-16
1c8261befa5545e31cf192492459b61a4300b4a4,Francesco Chicchiriccò,2020-01-16
6658e4dad36dc1cf7daf489c09d123cf8a47a9d5,Francesco Chicchiriccò,2020-01-16
cba999f5eba0e2fc8e8dcefca27f7a46b3493322,GitHub,2020-01-16
967d790000c4eb1601db9d3e2ac0815a000d282a,Misagh Moayyed,2020-01-16
a15f857e315f4d964ca3afd124aab9cf1ea42ae3,Misagh Moayyed,2020-01-16
50af303f0a3f9384c035ed62d6e4a523827b80f7,Francesco Chicchiriccò,2020-01-17
302c1fb00c70dafebb71b7ae4398ba23f0270b92,Misagh Moayyed,2020-01-17
d4afae90c844544de90808f749240e23abaefa8d,Misagh Moayyed,2020-01-17
648c6071a6b5f37509a21de3f429a554940da30b,Misagh Moayyed,2020-01-17
2b7415f19c83b234b3392202e55d3a1dd9bb305e,Francesco Chicchiriccò,2020-01-17
dfa678fe8a7203ffb147f6edcf331f3f80a845af,Francesco Chicchiriccò,2020-01-20
d9a6419919fd97b7eca2303a730ef1cced0d468c,Francesco Chicchiriccò,2020-01-20
7b0ba0662520ad41f4cfdbddc0f11313b7e87f62,Francesco Chicchiriccò,2020-01-21
01a93d722464b52e7dabe9181a46d9d20d413216,Francesco Chicchiriccò,2020-01-21
f9b4dd0e31c7298eb35e70d4a0b4ec6971148803,Francesco Chicchiriccò,2020-01-21
abc55641cf6f1adb088ef143ac042ab38cac0134,Francesco Chicchiriccò,2020-01-21
e500ebc39810e4f9b9fdfeda20c28947e4eb63f0,Francesco Chicchiriccò,2020-01-22
d3c7d2ccdac93685026b219df83cfebb33c2f6ae,Francesco Chicchiriccò,2020-01-23
92b4cc4ff0b426ab4341d3d6f216c432963b09b6,Francesco Chicchiriccò,2020-01-23
74f539be5a17cd7f4e6a581aa6822e2af36cf497,Francesco Chicchiriccò,2020-01-24
628060a9d53b4bfcde79ca7891f152ec0e76fdbd,Francesco Chicchiriccò,2020-01-28
5fae313a528f1f06f87933b23c1b182fa6bb6b14,Misagh Moayyed,2020-01-29
c35f8812e599e3ea454e692d373086f6f124ad26,Francesco Chicchiriccò,2020-01-29
523202a6320f55e336a8ef3c78801d3ee568d9de,Francesco Chicchiriccò,2020-01-29
5bba19c8062202cf57fc38bef33936b15fe2b1a0,Francesco Chicchiriccò,2020-01-29
9a9351af587af2cdac224db120e272e9012757f0,Francesco Chicchiriccò,2020-01-29
1578ba679a81216532d526c1f9b7d7b1c0a9807d,Francesco Chicchiriccò,2020-01-30
254611fed6623e1dafb8dda63d201413c63c1291,Francesco Chicchiriccò,2020-01-30
82deeeefb6c6d8b324e27de6f00de39959498850,Misagh Moayyed,2020-01-30
5a9bc115155ab96b2d50da4d85332f53ea2464a9,Misagh Moayyed,2020-01-30
d06fd3fd6398746b232f7024fd03c874f524a0f3,Francesco Chicchiriccò,2020-01-30
cb88d8a55dcd28656886e11e3159624047aa71b1,Francesco Chicchiriccò,2020-01-30
b536daef6a3194166d8b697433868a167d0ccdd8,Francesco Chicchiriccò,2020-01-31
763a2542e2c200ff3750100ba690b1f0effae4ec,Misagh Moayyed,2020-01-31
673ae65413afc764b2457a839619d88bbeb0a36b,Misagh Moayyed,2020-01-31
4c26901a20cd43ba54e0a678f53723e443b2c76e,Misagh Moayyed,2020-01-31
2e4b930a1469e381270ca5f5f21cfd8fdb0f4694,Francesco Chicchiriccò,2020-01-31
e3c50b2693dc42fece29cd4482107bf2f2900fab,Francesco Chicchiriccò,2020-01-31
cb72af53771e8fd909e8adfb14fc9b415916bc27,Francesco Chicchiriccò,2020-01-31
c9f36a38dc9b9127f8fa59dd82c3d3131857c135,Francesco Chicchiriccò,2020-02-03
aacd9f7b615ec1fc578dec1becddbcd874e80a4b,Francesco Chicchiriccò,2020-02-04
28f31bb8b93cb508110d0fb0a125eb974fcb3df4,Francesco Chicchiriccò,2020-02-04
342d0b583da7298298419d87cef60589ada2bc1c,Francesco Chicchiriccò,2020-02-04
b4ea6171116ce51e6c99a65a5c8b2aeed6c9adce,Francesco Chicchiriccò,2020-02-05
0a5fd9196e129e4ccb52603e5c74af1fa7c796ca,Francesco Chicchiriccò,2020-02-05
2d2c2912c8df0d8250aa646f65348b9bdf71f84e,Francesco Chicchiriccò,2020-02-05
dbae236c12f67f41fb1a2737d70b95d24f1b605c,Francesco Chicchiriccò,2020-02-06
3c19c4f594a7c080b61cfa92a892c05cd317d1bc,Francesco Chicchiriccò,2020-02-06
dab3acbda04dd0ccb730eee539db4f4a82359d2e,Francesco Chicchiriccò,2020-02-06
b0b8f8b8fb5047d3d4de2d71f4d6cd266e9fe5d8,Francesco Chicchiriccò,2020-02-06
05a2b35861017fa094fb1f1411f708cc786a4fd4,Francesco Chicchiriccò,2020-02-06
b1d81c0125dd2aa5f1108bec636c48654db9fc10,Francesco Chicchiriccò,2020-02-06
cf62482a75f8bb5e01a91024fcff8160e265c308,Francesco Chicchiriccò,2020-02-07
15838a962ac6814bf392ba86b50f73b2d426ae29,Francesco Chicchiriccò,2020-02-07
2b61a46603f11cfd887cfd8f0255cef0ea54400e,Francesco Chicchiriccò,2020-02-10
1ca5d0ba8a3c1b1daca66bb7487d1581295fe07c,Francesco Chicchiriccò,2020-02-10
98c5a1a0356e48e8e0e7aae0eb604726d81e230a,Francesco Chicchiriccò,2020-02-11
562f5daa2792b3fd0b46ca7e8dc6d1ab2be964ed,Francesco Chicchiriccò,2020-02-11
7cd9b5d683b14fec0dbd8095b194e71053f19ee0,Francesco Chicchiriccò,2020-02-12
b865da03b49794c29000b22b43ba0d855274e84b,Francesco Chicchiriccò,2020-02-12
688efa800efc4f093334308e70fa4979e4635814,Francesco Chicchiriccò,2020-02-12
4ae39ce664b27bdcc9df39490f37592f8c8069d1,fmartelli,2020-02-12
0c1891200ef2c07597fee7986e160e0f5daceee0,Francesco Chicchiriccò,2020-02-13
f057013572f20bccc9732aa0bdb4ca737bb6c55b,Francesco Chicchiriccò,2020-02-14
bdd102378669407fca7885e0b0e39c1bf3b7205e,Francesco Chicchiriccò,2020-02-14
c05b6db430e64c92c31710a9e4b6b8625aadeae9,Francesco Chicchiriccò,2020-02-17
c481027a42f3820c616250297481021ec797ad0f,Francesco Chicchiriccò,2020-02-18
678ec5044ca465f228164ce4dc39bea41e2a45a2,Francesco Chicchiriccò,2020-02-18
5cb1b37c800e845ba91aa999d1fba907de4a7cfd,Francesco Chicchiriccò,2020-02-18
d043ab8815c79573f24f44d3befb9665af4efe63,Francesco Chicchiriccò,2020-02-18
2d28f32878426e580d53d4545ce404fb72cf55b3,Francesco Chicchiriccò,2020-02-18
fa9d913813be2b5bf1271afba1bd083c4f5dca80,Francesco Chicchiriccò,2020-02-18
e799fa4ee3ac8fe389cc7b082c7b5e3ed871b24f,Francesco Chicchiriccò,2020-02-18
6e9e4d819e3e1963ab8f0c706cbe7f893c6c931b,Francesco Chicchiriccò,2020-02-19
91178efddcd4f819f815b86179e5ec7dda77788b,Francesco Chicchiriccò,2020-02-19
5ebce68fa3740cd47ba34d7ddd9109a84bc1f665,Francesco Chicchiriccò,2020-02-19
455d98219a40dd7b454f57d9b8eac020536ddcea,Francesco Chicchiriccò,2020-02-20
f7159c3519ae41ff40676479ddbff69dea906aa3,Francesco Chicchiriccò,2020-02-20
8556c3ead6da9780809f7c51d59794f924f37b98,Francesco Chicchiriccò,2020-02-20
10d8b1549ffc44c8ee3d76ac36dd6d674916e1f8,Francesco Chicchiriccò,2020-02-21
1eb1f149f9b48a6a3a25e0cf789a5388f4afbb3b,Francesco Chicchiriccò,2020-02-24
33b4fec81e156f9aad26226dea880fb06eec4c78,Francesco Chicchiriccò,2020-02-24
c9b2ec1eac71ff88a50a81553167418060ff0c31,skylark17,2020-02-24
057c0903a9f10b2fc31052fb69a89751fac2e90f,Francesco Chicchiriccò,2020-02-24
f40d534870b374d70cb8dd0f94187d6b93b468cf,Francesco Chicchiriccò,2020-02-26
c33666e9e3e5e2864f35686e4e6699c0310e5902,Francesco Chicchiriccò,2020-02-26
f640386145d5269d1ea3a6e28bc7a29fc7a7635d,Francesco Chicchiriccò,2020-02-26
34aa2dcdb36886df09e9e5c2cc3792486d0d4050,Francesco Chicchiriccò,2020-02-26
503bbb4b619f353c68dba71b1a107ddca82aba18,Francesco Chicchiriccò,2020-02-26
2ac89d97b64026ac656bd84e63e287c1812b7afc,Francesco Chicchiriccò,2020-02-26
43b05dea91097162c95e99184bab4bb724c6bb7f,Francesco Chicchiriccò,2020-02-26
9197adc15d0d78e2c01c25e75b5bcfd23404441f,Francesco Chicchiriccò,2020-02-27
9eeedd7faaa9faa6633ea23cfb752947ae39fefb,Francesco Chicchiriccò,2020-02-27
a1a69c11d5e1d4043ff6a45345cb0c9ed711db33,Francesco Chicchiriccò,2020-03-02
5fb11e24a1270159d363129bbec765d3238a2dad,Francesco Chicchiriccò,2020-03-02
31f7915e12f7218bdd645842e4f4dcf2c1547a10,Francesco Chicchiriccò,2020-03-02
ab879788d8430cd05ea851cbfd15b3d0e9940880,Francesco Chicchiriccò,2020-03-04
7ad0b242b3b1ca6052dfb1925ab2662fa6bf49a0,Francesco Chicchiriccò,2020-03-06
475e5f924c60509436eb4a74aef1849ded791436,Francesco Chicchiriccò,2020-03-06
6bc5431e804a3c0e918b75c9057832e1660764bf,Francesco Chicchiriccò,2020-03-10
33d67aea11c6a6a16112135035985598705fa165,Francesco Chicchiriccò,2020-03-10
bbfd805b6e8b3331a52005e994a2c57a1e943648,Francesco Chicchiriccò,2020-03-10
479710fdb425f1919695391b4b7e45374358554b,Marco Di Sabatino Di Diodoro,2020-03-11
60cc70c857080ee8018f0e0c5039c5bfe02165f9,Francesco Chicchiriccò,2020-03-12
1c7349d79de50ae6220dc84b5110a8a510982804,Marco Di Sabatino Di Diodoro,2020-03-12
195f072ac1d86a8887c6c34bbcc2c31a4818ab06,Francesco Chicchiriccò,2020-03-13
d71584bee69724b843a7d49a94dd8ef158e6d40e,Francesco Chicchiriccò,2020-03-15
37f44bf5573a5d0c1c1f99e6e2658824a7fd0a3c,Francesco Chicchiriccò,2020-03-15
65fbd6f2f18ef9bb783469247682f411405fdc7d,Francesco Chicchiriccò,2020-03-15
769f1b24630581abd2c1b79ddd4209be1c89bf41,Marco Di Sabatino Di Diodoro,2020-03-15
6381e9a7dec270b587924dee070a4aebd26d5617,Francesco Chicchiriccò,2020-03-17
2351ca5d19fbb03c37999aa8424cd2a1b312d597,Francesco Chicchiriccò,2020-03-17
7725bf5a448e7fc7a4b5399709b5cfa109b6d917,Francesco Chicchiriccò,2020-03-17
09d5ad9f052a8c1fd8529710c6375a9976e61c7e,Francesco Chicchiriccò,2020-03-17
ca3a4040e6c88fca3c1017b9448e141fbb9df41a,Francesco Chicchiriccò,2020-03-17
43f5c9a35ea422943f697b427148a8ef0082cc8c,Francesco Chicchiriccò,2020-03-17
9218c90f9153d536936c57051114b07347449821,Francesco Chicchiriccò,2020-03-17
129544844e25b982e17290ab34ddc4992b304e4a,Francesco Chicchiriccò,2020-03-17
80b941e0ace052034995b86315b95bdb482923c8,Francesco Chicchiriccò,2020-03-17
4e11909a038829088fc4effebac374db80bfe3ac,Francesco Chicchiriccò,2020-03-17
401f614ebb6f9a5f1226927788cae2491428452a,Francesco Chicchiriccò,2020-03-17
736557a0a1137f3678473e866d6171bd8f722c0a,Francesco Chicchiriccò,2020-03-17
8e484b3ac224dcdbe5fac9217fa7889ed9581707,Francesco Chicchiriccò,2020-03-17
e95897cd55641347efead6e238a4ba198577f0b7,Francesco Chicchiriccò,2020-03-18
597bd5959963e83a9fa8cb5440c1b0cf8e9d1928,Francesco Chicchiriccò,2020-03-20
bd5bb0583784b8a36bb1815749adffc02d15bc88,Francesco Chicchiriccò,2020-03-23
f7a4fbf49c3fc0bfa3ee8bfef672d0a079100aa1,Francesco Chicchiriccò,2020-03-23
72f7115d878ae11c81ebea1866eb245f7711463a,Francesco Chicchiriccò,2020-03-23
86bb0f913861ca83ced9d054307327ffb32d5d41,Francesco Chicchiriccò,2020-03-23
cab76f2d3b07f3eee4f13c08e8bb1f06c5f42b2b,Francesco Chicchiriccò,2020-03-23
62d1b00618d252c7a073daef2613e6b30a23a0af,Francesco Chicchiriccò,2020-03-23
35cf1651fb5eef015cf79103264136979d8d5222,Francesco Chicchiriccò,2020-03-23
2c4d5b4d3a73c0f8d999e5eb5de77360b920d669,Francesco Chicchiriccò,2020-03-23
5ff01723c59a429dd7c761138505dd312e08cb58,Andrea Patricelli,2020-03-23
66b8e7936534659a5e73dc4ac22962f584cc0f83,Francesco Chicchiriccò,2020-03-24
2fb720aa7d8489ae38e85bded7683600bb3ee223,Francesco Chicchiriccò,2020-03-25
7ef6e84eca015bc33893af2eab399307c0f8da8a,Francesco Chicchiriccò,2020-03-25
8d16e1ac0ab023fa39432bdfe172f35defac6f8d,Francesco Chicchiriccò,2020-03-26
55fb27c5386c011c2e6096b45045cd25fb210816,Francesco Chicchiriccò,2020-03-26
9cecd9d241ce48a8a04b86a3f11286437dee61b4,Francesco Chicchiriccò,2020-03-26
165f63637d2224a9a8e5d730f174974e86901288,Francesco Chicchiriccò,2020-03-26
79547f26cab2027102c4f782fd77b6611dc2c935,Francesco Chicchiriccò,2020-03-27
e2b53adc0591eda3d9c4462df29edecb3d441bbf,Francesco Chicchiriccò,2020-03-27
236d159da971c1f5380ec23de6582ea3d5ecddba,Francesco Chicchiriccò,2020-03-27
894386b966b0484748880136aedfc4524fb2dd09,Francesco Chicchiriccò,2020-03-28
87e5f125f5a41a687ba9e1997b2f45b0e6671073,Francesco Chicchiriccò,2020-03-29
9bc2cf5fe3cf224e463b46f22cef1059fb8baf73,Francesco Chicchiriccò,2020-03-30
7ebd2c66687329765507f51b4c19a352790cee18,Francesco Chicchiriccò,2020-03-30
901608cce1e49223a538551de718402a7734334a,Francesco Chicchiriccò,2020-03-30
9391fcb75a482791bd745cea7239d015257a2509,Andrea Patricelli,2020-03-30
f2aebe00762f2463dd88212090938bc33a6d2ef2,Francesco Chicchiriccò,2020-03-30
592c886a3ea54e82782c8c5847a011b88e144ae2,Francesco Chicchiriccò,2020-03-30
bede4787b34f1b33965c6a41b0d67d9157685a29,Francesco Chicchiriccò,2020-03-30
ed22a4f65f91f8b479dd7b409fb863c03acb37bc,Francesco Chicchiriccò,2020-03-30
1a38a8056423faf8b59f5cbe6fe8359e28b039c3,Francesco Chicchiriccò,2020-03-31
f305efecfd97b57243b7c89901af931d7230e34b,Francesco Chicchiriccò,2020-03-31
6e322cc01771c3c32ff1c840c139a00c9fe70cf2,Francesco Chicchiriccò,2020-04-01
a6ad400f880453367244f3af818762da56741306,Francesco Chicchiriccò,2020-04-02
4e0f69656489368b67ef432c3bdd258292a0c9a6,Francesco Chicchiriccò,2020-04-02
da8bd881b80a9b7523ae58e078d69f56a853832c,Francesco Chicchiriccò,2020-04-02
012dfaca0933976b48e471fd1744d4cff821aa88,Francesco Chicchiriccò,2020-04-04
572a173ad750f0dd958aac0f4ba69ddfd4189250,Francesco Chicchiriccò,2020-04-05
cfded7f7c8fd84f0b8f44582192f7cee006f5f0a,Francesco Chicchiriccò,2020-04-06
0308336e3c936d8f5396f15763a2e8af3f46d13e,Francesco Chicchiriccò,2020-04-06
0cf03bedfe81d5d485cb898167746481cee712a9,Francesco Chicchiriccò,2020-04-06
eaaf545f506f83fbe437cfc8e054aa54b4f5b3a8,Francesco Chicchiriccò,2020-04-06
78e1c72110a9fac313526d692084f352273002fd,Misagh Moayyed,2020-04-07
cede180f19517f3b3dc658608b50ee47ac8e2c63,Francesco Chicchiriccò,2020-04-09
a1d97ec373749ec83a17c488c1430fa527a6800c,Francesco Chicchiriccò,2020-04-10
d50672f307a5718c027c0ea489822d243c56dcc2,Francesco Chicchiriccò,2020-04-10
f7e75bbe77d44d1c0a6b2aaa83001d920c757ffc,Francesco Chicchiriccò,2020-04-10
2a1d9e8c131cea6c4276e49e951657326fb2c0eb,Francesco Chicchiriccò,2020-04-10
95630c4ad32aecb81e976a91e1a34f07a7312c19,Francesco Chicchiriccò,2020-04-10
485ddef93383d473d2c189b3a5987bceeb00815c,Francesco Chicchiriccò,2020-04-10
9a4a1783e9ddae070ed55ef42eafe6be83ee0056,Francesco Chicchiriccò,2020-04-10
90a3d3290e3bf641a89a66d74883f3cb9d72342c,Francesco Chicchiriccò,2020-04-10
426b2f2a332f2246b2888aabd3537bfeb903704d,Francesco Chicchiriccò,2020-04-10
d42c2cf923d22b1cb865ef263d55db945589d5d9,Francesco Chicchiriccò,2020-04-10
c0dd6f6e00329ce25258dfe760f1a7ffb8c78437,Marco Di Sabatino Di Diodoro,2020-04-10
a269f535962b379b1470e2d9cebc820d1750fd99,Francesco Chicchiriccò,2020-04-10
bb9fa3f8014c0013a1a99e3d9b4b1e71e94b859b,Francesco Chicchiriccò,2020-04-13
3ed172a7f3169a1c39a31724b2ca67d126792cfb,Francesco Chicchiriccò,2020-04-14
9237af47df51dba0b6930ed60e0f417d0e926958,Francesco Chicchiriccò,2020-04-14
8f95f612da211f8929b1be09c3516b361e4e82d5,GitHub,2020-04-14
e6e10db3956185bbeb622e9025de5342cf616c7c,Francesco Chicchiriccò,2020-04-14
2c33ffea7110a477409654434913bea6cf64c552,Francesco Chicchiriccò,2020-04-14
a9f42d729045892f162a0533714666b614d34b5f,Francesco Chicchiriccò,2020-04-14
60c35ee235cb54f465062ca3d280cebd46e87831,Francesco Chicchiriccò,2020-04-15
8090c92e470d64b07697f844740d774d0c588348,Marco Di Sabatino Di Diodoro,2020-04-15
837f942cd430756edf25b294d6c0fcdfd1b2bae9,Marco Di Sabatino Di Diodoro,2020-04-15
16246411e8a8eccf1c424f4e0944ed763fbd0b05,Francesco Chicchiriccò,2020-04-15
3b4f59f2109b7665fa1350f266680e824a33391c,Francesco Chicchiriccò,2020-04-16
f2bc720bfc0871396a4fb8592b05a42d5a0a3dfb,Francesco Chicchiriccò,2020-04-17
3aded5e99aff685a6ec2b710224e1b3d8b07f5f1,Francesco Chicchiriccò,2020-04-17
b4d24c94e8d55c06134e9cc33d4576fa12915d3f,Francesco Chicchiriccò,2020-04-17
a7b927cd0a6d0f5f4d4126c4d680fdee92faf9f4,Francesco Chicchiriccò,2020-04-17
1d4d8c697711fa03c1f9f9f3021346a20f4bb2f5,Francesco Chicchiriccò,2020-04-17
3d086cde52fe232b5617b8f82b1d7320312abb01,Francesco Chicchiriccò,2020-04-20
66563d866eb54557b98eedecc13ecb9bdcefa819,Francesco Chicchiriccò,2020-04-21
b9b2bcb2e25056cbeeadf4c8eecf6177532868ba,Francesco Chicchiriccò,2020-04-23
c2c57fcf8c2204b1d179369f933a467fab712797,Francesco Chicchiriccò,2020-04-23
21860508ec0f42000e27374b322259e0413ff6df,Francesco Chicchiriccò,2020-04-23
2a1aeb1f7340775efc8c558f37009f072faf7bbf,GitHub,2020-04-23
8ca124a5ab6b3e289eeed926066a365f33257648,Francesco Chicchiriccò,2020-04-23
ffffa48cbe79fb9babef64a4890ee3c55c3c5b81,Francesco Chicchiriccò,2020-04-23
d987d6d4b5d3d161e85b2b243cb92d713bbb05db,Francesco Chicchiriccò,2020-04-24
e61ae1a28ed7142d72f2b152ca3d84c250425101,Francesco Chicchiriccò,2020-04-26
ba6d317dcf560b36b58c02119a7e20b9b0106f15,GitHub,2020-04-27
0c201daaaa5d47cea509c839931762b9419a0895,Francesco Chicchiriccò,2020-04-27
5fb0eb3de8b04568b8b494f8e61d379564d0786d,Francesco Chicchiriccò,2020-04-27
7730b634dcee90e37ae14292b58f3cecc524495c,Francesco Chicchiriccò,2020-04-28
8a8f1f946a7aecb781d56c517700ef82f36ec3fd,Francesco Chicchiriccò,2020-04-28
f8fdc7c62f49886319550cef0a08aec732f9c647,Misagh Moayyed,2020-04-30
3fa62243f4eca24a4a37cc09141de8a5fd9b796e,Misagh Moayyed,2020-04-30
a77e29d673296b43681f3e7039e55921cb5edda0,GitHub,2020-04-30
00853671990b9fff468a29680b92b76397bdcdb5,Francesco Chicchiriccò,2020-05-01
7d86cbf06c75d2ebb12f616ce248ee4abeae8348,GitHub,2020-05-01
a9e343bcb76fc6a98920fd959f0956ac2d6c3bed,GitHub,2020-05-01
c0433eb248ae43f9950bd40514d07f3ee4acbb60,GitHub,2020-05-05
76315c128e196e531885749a6df998a373fb701d,Francesco Chicchiriccò,2020-05-06
3b0534be055fd528738b2dd81e8896c717de9b47,GitHub,2020-05-06
472ec3e611a242ffa18cdb41cc94916049dee282,Francesco Chicchiriccò,2020-05-06
70bc86225cae2148426f13d7cd341b6db9c7ec15,Francesco Chicchiriccò,2020-05-07
2c97d9d1993f282e5bbed67d9ba78d6243edb011,Francesco Chicchiriccò,2020-05-07
05412fb7cdb38eaf308ef36b2635e383f46c5ebc,Francesco Chicchiriccò,2020-05-07
8a43984b2dd877d4fdcbd65b5429f96f78524a8f,Francesco Chicchiriccò,2020-05-07
a8cd5cb4c219d24eeb74f12c1f8939d90463cd9c,Francesco Chicchiriccò,2020-05-07
dc6c5c9b4d325de993087ef94d40585c73e56461,Francesco Chicchiriccò,2020-05-07
065933eef27abaa7c2ad7bc2385dab333ddc3bf8,Francesco Chicchiriccò,2020-05-08
f479709624c1207befa8ea77db0ae2d5de2df29d,GitHub,2020-05-08
42130611fef3f3d7b5de62ae299f826f42bd5b10,GitHub,2020-05-08
cabd48d37ec539322cb1c23c2523b394b489efd2,Francesco Chicchiriccò,2020-05-11
272fcb759421bec3ea467b9fad92ea9df69cbccc,GitHub,2020-05-12
fe4721bc2e76d127bfecc1ba299007b55ab2ef5e,Francesco Chicchiriccò,2020-05-12
96af0e3a3225ea8b56331ae2538809674ed06f4c,Francesco Chicchiriccò,2020-05-12
ebd39dfd562e8d773e1fe71bae3fbe275602d5b7,Francesco Chicchiriccò,2020-05-12
401b8ea836511f57cf1a667e76326be5162432e7,Francesco Chicchiriccò,2020-05-12
ec10c7b4249515faee7614c8affe4c60f1cf08fb,Francesco Chicchiriccò,2020-05-13
d984ebbd48013427be797f9c46169d5580c9b81e,Francesco Chicchiriccò,2020-05-13
a2abb31ccd523f090f6374dafb5db89d52b48e22,GitHub,2020-05-14
bd0c0d5c280b9582059c76fce283971006d4f8af,Francesco Chicchiriccò,2020-05-14
8cabc12320144c71173d734ff042eea097de644f,Francesco Chicchiriccò,2020-05-14
55d2f2381e51d2e0c21aa5b41748f4fbcabe64a1,Francesco Chicchiriccò,2020-05-14
ee29d8b93e181b47e227395b7ecc86a20266fb62,Francesco Chicchiriccò,2020-05-15
edae2ad4de71fe5570f46abc089af34ef824a8b3,Andrea Patricelli,2020-05-15
e2423cd06b3c4b46008199172f17505c980e119a,Misagh Moayyed,2020-05-17
029e50a76d1e0bf5ee1e0a31275d4f54ae6095ec,Francesco Chicchiriccò,2020-05-18
02824d269ad4674873513d58b270e8cdb473c739,Francesco Chicchiriccò,2020-05-18
d08d0a69e14cc890712745dc2d57c23fd3c91618,Francesco Chicchiriccò,2020-05-19
813625713812587eb683205cc8e5d036ccda08ff,Francesco Chicchiriccò,2020-05-19
085a0060960a567dd0369f063cb25004be3ad388,GitHub,2020-05-19
dbde3de847c52a7d6abfb62fa96ce8358afc2f4c,Francesco Chicchiriccò,2020-05-20
a698f508c089be378a6b7d7e92d7db112c4342d2,Francesco Chicchiriccò,2020-05-21
4d775d5af65c3d02a3c4c1990c5f9172e7bf3c6a,Francesco Chicchiriccò,2020-05-25
d288dc15768d8e39ada63eb8dfe91ebd52fd5771,Francesco Chicchiriccò,2020-05-30
c016426bc5f23b0f5f369866b3b7ac7449f1d6a9,GitHub,2020-06-01
0cf9bd88370948cc24c71332f3c0c1e1a2988340,Francesco Chicchiriccò,2020-06-03
6d54a31979b5412b6b0d87f62d2991446d3679a8,Francesco Chicchiriccò,2020-06-03
c3955e5e3ad580cbfd28bda28ff817485a182a09,Francesco Chicchiriccò,2020-06-03
7149765941242ee9f58a2067ce76f2ea9e992355,Francesco Chicchiriccò,2020-06-03
d57d09f8939ebf449e6ddb48114dc85cab1c261a,Francesco Chicchiriccò,2020-06-03
74fcd557f1d1ed9e68ff59ba4ff0232928306d2d,Francesco Chicchiriccò,2020-06-04
89b0c4928e90be5aba1303452377d902e29056aa,Francesco Chicchiriccò,2020-06-04
d38a5f27372080c1acf731eadf1c4b85a2dd60de,Francesco Chicchiriccò,2020-06-04
ae9f6c8cfd6603d34860811833b6b043b3143f46,GitHub,2020-06-04
cdf05f7abd83d6f36c1eb2d75f77b194fc84ddb9,Francesco Chicchiriccò,2020-06-04
f71c7f8d5f28095fd2f7d6c82451c50526d9d986,GitHub,2020-06-05
1cc9a2d302c8f4f28188df843b4af4752c9bb0df,GitHub,2020-06-08
868f3a41df09d8c1d73dec5e3eff400915921e9c,Francesco Chicchiriccò,2020-06-09
96e0f3b937d7c115c8a1bee19f770c16a950ee83,Francesco Chicchiriccò,2020-06-09
71f9efc7e4d775611156ebe7296fe838b6221f2a,Francesco Chicchiriccò,2020-06-09
42434ec276656d74d64a05ff86c4cddf0375c49c,Francesco Chicchiriccò,2020-06-09
0da7a8371371a2beef832c70d1b784c2d02a430e,Francesco Chicchiriccò,2020-06-11
678724fb8579219e4b0efd0648c1a24b8ca26a68,Francesco Chicchiriccò,2020-06-11
f96629318f9b34c954db326daa2fe2bde3286751,Francesco Chicchiriccò,2020-06-11
2a47e9d9ff3da0e44af5fbcc0e46a608ac82f9a5,Francesco Chicchiriccò,2020-06-12
e2038a4d278501b97f9fad35b5ca9ff751d8fb77,GitHub,2020-06-12
59648bb916d2146d9a46cc2faa577d35eceef203,Francesco Chicchiriccò,2020-06-15
b5c914e744d3756b70f9c747381cf728b8919201,Francesco Chicchiriccò,2020-06-15
ca94c61dbaff5f88024cba44540cceea176d5b61,Francesco Chicchiriccò,2020-06-15
cc96de6c37163b258040a04ed4b01a2ed81cdb46,Francesco Chicchiriccò,2020-06-16
8ccfb1e558c54d524865bc9aeb332ecb28f694f0,Andrea Patricelli,2020-06-16
a66f4ac369bd784962f6798e0891f71fbe677342,Francesco Chicchiriccò,2020-06-17
cb9dc8b5d7ba5ed83d7624c79c2be04a9d44d145,Francesco Chicchiriccò,2020-06-17
8f624bdac909bce6e00bad87259b4f11d5dd2da4,Francesco Chicchiriccò,2020-06-19
ce3253355f26507f56cea0d00bc9adf68520c508,GitHub,2020-06-20
9b1c9f8676b973e60a9d1be0b576090214f52cde,Francesco Chicchiriccò,2020-06-22
795c9dec6607b4914120cd33e41635720e0a1943,Francesco Chicchiriccò,2020-06-22
7311d478a8898e2dc451b0f0c41582db29c142dc,Francesco Chicchiriccò,2020-06-22
cf54140d85cf3489f67de5aabc4a3e468b013998,Francesco Chicchiriccò,2020-06-23
56734671d95c7f54be6b93571d81715635efd69d,Francesco Chicchiriccò,2020-06-23
b7bff16870e22cadce534daeaef3c8511152bb7d,Francesco Chicchiriccò,2020-06-25
b508ed3f1bf09e1024012c4f8bd4a9c1770fdde2,Francesco Chicchiriccò,2020-06-26
0bbf969175bf1b3c65e546d51485628906b3cde7,Francesco Chicchiriccò,2020-06-26
738eb26ccd3dd6072427279d29f9c8b14fe3fc3e,Francesco Chicchiriccò,2020-06-27
b3102a6f41b5dceeba5846c1496b5f8c53c95be5,Francesco Chicchiriccò,2020-06-29
25cf0a686f4afcb7179e04b82dfef4bf67b2d595,Francesco Chicchiriccò,2020-06-29
61dcfc8824092a0f1b07acb4ffe9998e7cf8ca09,Francesco Chicchiriccò,2020-06-30
7524148d529f506cd8e88f8f3eab516e9c79ef41,Francesco Chicchiriccò,2020-06-30
6563f92d043f865b5afe90d06e73763a100f37fe,Francesco Chicchiriccò,2020-06-30
e7181a592f04a4eb2cb81b021d33318b6e4f7797,Francesco Chicchiriccò,2020-06-30
c9cf41a3965b8572c577b9c02348bdb2b9d55a40,Francesco Chicchiriccò,2020-07-01
3bf2aa7465ad29f9785ee8142b04d4046ea2ab5e,Francesco Chicchiriccò,2020-07-01
9acc5fc20634baf3b1938dae344ac61051fe1ffb,Francesco Chicchiriccò,2020-07-02
f6d27918854a61c65f3ba6875634c5ac9c1501ba,Francesco Chicchiriccò,2020-07-02
cd79019eb725c974324b54c221bdf8d7a567d264,Francesco Chicchiriccò,2020-07-03
235e9deadb92d725260a794cacab09bc7ab4db29,Francesco Chicchiriccò,2020-07-03
9ba9524bb45e527da91d074d1d9209797f292009,Andrea Patricelli,2020-07-03
708c9cb8b54d876592105b114b46814771a4b152,GitHub,2020-07-03
19e78840359c1242b19525d3bf1f9f538b201881,Francesco Chicchiriccò,2020-07-06
8ec7c7dc23eedd7bce97161f86222de1e5e0a57d,Francesco Chicchiriccò,2020-07-07
d77e0022fe9c6d8c7b2887768683d1454719e703,Francesco Chicchiriccò,2020-07-07
67d5dbaae2413b24dbf46bc2cd15ac82fba24fcb,Francesco Chicchiriccò,2020-07-07
abfbd41114a38a1d5b078c09d386d46645ec94da,GitHub,2020-07-07
a8c39efa167e9cc34a8d1d2c315454ae305a3a84,GitHub,2020-07-10
159a03b4669f150f5a79ee6f102b6c41c14a946d,GitHub,2020-07-10
171c9bf12e4f6c6f7de71850edea4c0ef2088551,Francesco Chicchiriccò,2020-07-13
49c6e4d6b08f9899c95ea7ddfddd2d74c887a138,Francesco Chicchiriccò,2020-07-13
61aa7153a7a2a86de69b6fb403b0ce95b618d7e6,Francesco Chicchiriccò,2020-07-13
4774ee8c4b9ec876d802b4481fb294d60dd23b48,GitHub,2020-07-14
94daac48b247bf73b8394d333ade507ead78286c,Francesco Chicchiriccò,2020-07-15
34898008ed897ee54cce87cd01303109cf8c209c,GitHub,2020-07-15
9b4db284a40c4025bf111217f3a9effc778d0fc9,Francesco Chicchiriccò,2020-07-15
72c8cfdcb42d4698670f92e1b8cb7b65191820c3,Francesco Chicchiriccò,2020-07-16
278216e8b102d6accb5343c08d882d6f175374fa,GitHub,2020-07-16
669f1bb8a2db5c0bea7772963c88a919b4f45e7e,Francesco Chicchiriccò,2020-07-17
1dc92cd22e5b729900634daae88c800b217256b9,Francesco Chicchiriccò,2020-07-17
40e0bb19ac122d6cf7efd75342de560b1a6267da,Francesco Chicchiriccò,2020-07-18
92b0b4a79bfcb9ad7691c566a99c8c2a17823d5e,Francesco Chicchiriccò,2020-07-20
959567b4c6b5983827e527d2e46d220c9cd9b23b,Francesco Chicchiriccò,2020-07-20
b913a94a61f923f561af62eee4178d728a7aaf11,Francesco Chicchiriccò,2020-07-21
8cbc1380d0e63021ff773a41127dd4d5e587c319,Francesco Chicchiriccò,2020-07-22
b96970ce7c3511d990b6a0ca7e871ff21e156ce3,Francesco Chicchiriccò,2020-07-22
4a3d7eb2a8a9379bdf0dad2c3676eb625460c828,Francesco Chicchiriccò,2020-07-22
589c1c0675a46263b03c138670c60fa59bd1b855,Francesco Chicchiriccò,2020-07-22
8ec564fb2b644e2017a5a7530fc1e4f532a62c0f,Francesco Chicchiriccò,2020-07-22
0dec7b541e4f15b28b489ea72217384a2e1b3315,Francesco Chicchiriccò,2020-07-23
78fab6246cf2d7fcab3359382ac865abec7a6e3f,Francesco Chicchiriccò,2020-07-23
53a0a46f1e03632e850e83a0039d7dc6fe1a7f4c,Francesco Chicchiriccò,2020-07-23
5cdbcf4031c2a9e458180b22cc166bca1b1b37bf,Francesco Chicchiriccò,2020-07-27
d96d08f128c98fb4b6ccc4aec6c23e4cf83fbcc3,GitHub,2020-07-27
6d2a8a2cbeb25b11aa0bd33737ee0a7f64adf4dc,Francesco Chicchiriccò,2020-07-27
80cf524e9db6008c047c1b5668d6e5cc0cd58bbb,GitHub,2020-07-27
f06017bb9293334e0db45bbb93f05cc1ac9f443b,Francesco Chicchiriccò,2020-07-28
fec256c42f7299624a201c9f90b9a515bdd393f3,Francesco Chicchiriccò,2020-07-31
26ddf415f1ec82afbb2487d55fb8722b1fda8333,Francesco Chicchiriccò,2020-08-02
f15b62feba3029f0e35461163d907ec58fe30a77,Francesco Chicchiriccò,2020-08-03
79700fca93657910274a2aab58f793c07af2d8d2,Francesco Chicchiriccò,2020-08-04
aaaced89f94f30c3280d4cc3d57a880a52a94571,GitHub,2020-08-05
820433819b7f021c2e9c772ce01391b7d58cb138,Francesco Chicchiriccò,2020-08-05
2e4be06d2b8460df7fd17a8e230adbd6f117ec13,GitHub,2020-08-06
b33701288c3d31ee32a3ad7c2f0c091f75da0fe0,Francesco Chicchiriccò,2020-08-06
53ab5f055c8e66134561ff9728d2b969d359165a,Francesco Chicchiriccò,2020-08-08
5fc27bf56f26a91a223b637090b9119822b3d0d5,Francesco Chicchiriccò,2020-08-10
8ce9aa6141336ba22044270e60030875dd598b23,Francesco Chicchiriccò,2020-08-11
e805743757c487b164cbe624ec417ffaa5b5494b,Francesco Chicchiriccò,2020-08-11
f4fbaed0da9da9aed643ce559f0f6efcb87d4a98,Francesco Chicchiriccò,2020-08-15
2054a841fff0683f4000db652a614bd9a8ca8f7c,Francesco Chicchiriccò,2020-08-16
639bfbafd3d30b7fd2b48c4f5652379c3dfe06dc,Francesco Chicchiriccò,2020-08-16
cc17f35a341b1c5a0ee74fdc9c6d481a511801c4,Francesco Chicchiriccò,2020-08-17
a944f063a7dc2cf6b28460e553c8dcb1c99a5e0c,Francesco Chicchiriccò,2020-08-17
bccf47121c6e74e2700abb39fb5dd512dc4d1711,Marco Di Sabatino Di Diodoro,2020-08-18
68151a717080f95aa3301002eac839061ec30008,GitHub,2020-08-18
fb3794e3446b61c452ab452705243ec5a693bda0,Francesco Chicchiriccò,2020-08-18
c736cde1cec71038dd70bd5275e9102dc5f78f97,Francesco Chicchiriccò,2020-08-18
662f9be0c83fe4dd65947fdd66b397b2a41679c6,Francesco Chicchiriccò,2020-08-19
44d678579e6ee50cbc4f937bb8773af089e81dc0,Francesco Chicchiriccò,2020-08-21
a32f5ada6ad2dc47ebb4ffdf2df48a48211c1f69,Francesco Chicchiriccò,2020-08-21
34a979f9965eca8fef12c1edb5156ab2940bc48b,Francesco Chicchiriccò,2020-08-21
98b47c4650bdb395c3a256785f814170eb3c02a5,Francesco Chicchiriccò,2020-08-21
5e99b32b255a6e1d2db749cd634cfcaef5573310,Francesco Chicchiriccò,2020-08-25
ca3e1ebac58651568a73dfb3289ffcad2d80fdc4,Francesco Chicchiriccò,2020-08-25
6cc0cc0cc419ae666b3daecf3ab3139b0672baf5,GitHub,2020-08-26
075629a11440ef07746337a6f430130df2b0a317,Francesco Chicchiriccò,2020-08-26
4c198434ca84b59f87405bbbc8087e5e3fd3e1b9,Francesco Chicchiriccò,2020-08-27
dad67a43435544f568e5ce6fb335299ddfa63a66,Francesco Chicchiriccò,2020-09-05
6062d12bf9a4a264c1e089abbe5a4acab6202cdb,Francesco Chicchiriccò,2020-09-07
723080fe726698547978c268ad6e6681666f10c8,Francesco Chicchiriccò,2020-09-07
9b1f9bf2fd85d9f107d96fe260763ca7260c083b,Francesco Chicchiriccò,2020-09-07
0ed3b04721651066eaff3b74fed365d7900427b4,Francesco Chicchiriccò,2020-09-08
9af39cab0b6d59244f183bc9c5064d91af1786eb,Francesco Chicchiriccò,2020-09-09
2265cb809ab379c1429b19574cb40f031c499129,Francesco Chicchiriccò,2020-09-10
80c92c74ff6d8dc1b7b6136008fa4aabbde6bc38,GitHub,2020-09-14
833e551dc42cf017c5a698a7dd2d18b19d61796d,Misagh Moayyed,2020-09-14
d03569bcd30de8f646c4587afe64ff72f61f53cf,GitHub,2020-09-14
b6cab6fb5a7fc8d570c2930b83987462558bc59f,Francesco Chicchiriccò,2020-09-14
8e26009e9f61eb61188b29f0c3072bf984e28df1,Francesco Chicchiriccò,2020-09-15
b764f567b5900b707431467ccbc8c18b1cac5a36,Francesco Chicchiriccò,2020-09-15
6a4bb16cb659789ec5e63589c368d38cf20b59a0,Francesco Chicchiriccò,2020-09-15
02cb98d950c73ac472dbfeadaff349cc6d8df0ee,Francesco Chicchiriccò,2020-09-16
3ff5aa398eed8404c2b3432ce5b0f8564c8118c8,Francesco Chicchiriccò,2020-09-16
7cfd79e4a85c1badd22aa91e788b0d16fa7894ef,Francesco Chicchiriccò,2020-09-17
65ac0fc692f66267451154256f66f8520d4b3639,Francesco Chicchiriccò,2020-09-18
765722cbb7cd868cd07331c43e70d5409a0df591,Andrea Patricelli,2020-09-21
8d484ef612a6ce4229b4b31e5092178b53b586b9,Francesco Chicchiriccò,2020-09-21
147bf78e55f54a0bf8f7088e2e50702fcee6f3ba,Francesco Chicchiriccò,2020-09-21
0065589124843500de8f00c39e70645ed203ba6c,Francesco Chicchiriccò,2020-09-21
0f09a7913bd97d0f332e1f0d612201cc34822114,Francesco Chicchiriccò,2020-09-21
a06d59ca1bcf800f6bf85d0dd5917b78e926baef,Francesco Chicchiriccò,2020-09-21
75b985aaad5fbf459bc064f288afb52e84267b48,Francesco Chicchiriccò,2020-09-22
75c299091d8e5c679c1a7b297241313fa9d5b910,Francesco Chicchiriccò,2020-09-25
45ce91e374ddc6b4cbde82f1a645c50d2942d632,Francesco Chicchiriccò,2020-09-28
9499614088b35755179fc91e357d9f258407e073,Francesco Chicchiriccò,2020-09-28
325c6da5ebea8748cec183604c7bd332809f1c1d,Francesco Chicchiriccò,2020-09-30
fa82b8266c0c664c49d010d397a9ffb3f6ab4555,Francesco Chicchiriccò,2020-10-02
adbcff75e3d5f2acc0f48350311819aec49ab6ec,GitHub,2020-10-05
2857b4e95e498bcc7a4da63740e99cf8a14f1b84,GitHub,2020-10-07
1990c48f3fe07f0c057927cdee6e039e3eca4c82,GitHub,2020-10-07
6323bd0b14d2be8f788d0c3bbb68c3c717e05a56,GitHub,2020-10-07
16cb7fa1764f6be0e6192066522ddc006826739f,GitHub,2020-10-07
dfdfa2c82126797213161046eb2337cb5d150c0b,GitHub,2020-10-07
8b00eb5a3a79cad853fc434c4c7d0ffe026139cc,GitHub,2020-10-07
6ec11b76c213b373d2c3579253bad134edb08f76,Francesco Chicchiriccò,2020-10-07
5db9013612ccc4f06e4ab493883359d3f7955f7f,Francesco Chicchiriccò,2020-10-08
5d4f5cc1288bb557314427c52730351f23c4a412,Francesco Chicchiriccò,2020-10-10
6d6a9203f22dc8a71358d639921ed064c6f97d74,Francesco Chicchiriccò,2020-10-11
a841680deae4cc6acf255f38769179ac87652b5f,Francesco Chicchiriccò,2020-10-12
a3457807557941183e83504963f39e8b81756668,Francesco Chicchiriccò,2020-10-12
7590750aa2cd3f3998e9342f25bf20c9ca8e69aa,Francesco Chicchiriccò,2020-10-12
dc4b262653f398ae7e7000db1bfc70e78eaa2a0c,Andrea Patricelli,2020-10-12
0743b60bcd109ad2d16a1e2412d98e7099cbcaa2,Francesco Chicchiriccò,2020-10-12
8b1019c5d3333e582e22f8bd645cf6d38956fa8c,Francesco Chicchiriccò,2020-10-12
96ea7ef1eb83b945e9d60b6b3d0d99ae881cc7ae,Francesco Chicchiriccò,2020-10-12
df10880b60f7016dd61c2c89f0415a933aa5cc59,Francesco Chicchiriccò,2020-10-13
8789b555d2759e27de58ffd7c83257d08241e8cd,Francesco Chicchiriccò,2020-10-14
cc7f7e6f3fdabd278db9f86988371994be351ee0,Francesco Chicchiriccò,2020-10-14
346dfe033d07e03b0e37b303f986e6a40b7e9f8f,Francesco Chicchiriccò,2020-10-14
ec2250451eabc0e8a91edd06e10f5ca8b550ef0e,Francesco Chicchiriccò,2020-10-15
a0865dbc09645426c8ecdb4ce90ad2f5d67058f9,Francesco Chicchiriccò,2020-10-16
c4eead992999421a2200d9727c254696503c7b50,GitHub,2020-10-18
52b925e251209bb51e664b0604eacb2b17ed9413,Francesco Chicchiriccò,2020-10-19
3875ff05175f70d94406a88641d9964498fac547,Francesco Chicchiriccò,2020-10-20
3f41a5972ea82cf61907e0705d1f128cc6155508,GitHub,2020-10-21
8755e9cd79704e979014c5eee567f7e16e970334,GitHub,2020-10-21
664333741a96ad4dc2325d05a4d704d416e5f2d2,Francesco Chicchiriccò,2020-10-21
43bd643c7aad250963c1b35062617c9fcb91a559,Francesco Chicchiriccò,2020-10-21
414ca206a3979150286202c8e9cdad61553ff81f,Francesco Chicchiriccò,2020-10-22
11a17dc7330d98401b74a1ad5de2970694b399ef,Francesco Chicchiriccò,2020-10-22
a0360a4e0bfac81a123164675bd552ce2125f89a,Francesco Chicchiriccò,2020-10-22
48f89ac65431634cb0176d432daa15fbda1f8997,Francesco Chicchiriccò,2020-10-26
35027bb5ff119d154cf23b46223e63ffd0536eec,Francesco Chicchiriccò,2020-10-27
95ae11b9f68745bcf8a7ba754b687390601f84d6,Francesco Chicchiriccò,2020-10-27
879d919fdfd751210194ed319d426ddeb66ea693,GitHub,2020-10-28
28212a6428544bc1db5a10b03b8c90e7fd3a7065,Francesco Chicchiriccò,2020-10-29
4a05ec3f8909b073e0191242fb95ec1f7bc4af3a,Francesco Chicchiriccò,2020-10-30
ca957247ab62bb881ed7c9ab985cb9eda90f10fb,GitHub,2020-10-30
cb810405055c3481edd6473a3fc04deede50dda6,Francesco Chicchiriccò,2020-10-31
0d0737b44c8e7e0d1041368c7e468cfc8e0e36f2,GitHub,2020-11-02
6798f7155e8cf2af6df4b2c7a847185eb34637ac,Francesco Chicchiriccò,2020-11-02
501375b0f8b2d060e86539ef629d66bcf2e79aa3,Francesco Chicchiriccò,2020-11-05
8963a6a4d2112e42087dbffc334b728f98d0c291,Francesco Chicchiriccò,2020-11-09
4121541517df2a5b5980784162bacc8048336ef4,Francesco Chicchiriccò,2020-11-10
100d65685443ecac75071d8a41e75f40a1e72116,Francesco Chicchiriccò,2020-11-10
f0a962522d8c2cc974aa6d7eabde6feb86e7e596,Francesco Chicchiriccò,2020-11-10
45d95fd707525cfe84aedd9cf7b75046316bff69,Francesco Chicchiriccò,2020-11-12
777e70b735237d77276f544815400f9d1957a09c,GitHub,2020-11-12
dcee131b8bea4d20afe2cbe056bb6a1e0b8e2358,Francesco Chicchiriccò,2020-11-12
30b2326fe148c7566c9c171245716e5647b7637c,Francesco Chicchiriccò,2020-11-12
8c05b42aa5569054ff1f6160e87ab89d6a276555,Francesco Chicchiriccò,2020-11-13
7dc48cc6cc7cf13137a1ee1582ca09b12ade4f48,Marco Di Sabatino Di Diodoro,2020-11-13
cc2d2e25d08608fef5856aaa386a5bc695c13531,Francesco Chicchiriccò,2020-11-17
021fdb0f16c720a688479c90330f6f27c8a4bf2a,Francesco Chicchiriccò,2020-11-17
0477a802e2143debfa25109c45740ca56fb46870,Francesco Chicchiriccò,2020-11-18
61a03446a8416e281ea23082e75852edb30b3d6a,Francesco Chicchiriccò,2020-11-18
ff32f95588b3ff975050c3ee68bfbb9093efd4ad,GitHub,2020-11-19
a9386fcadee463d08037a6383d294b959a8c92f8,Francesco Chicchiriccò,2020-11-19
7eee06e9ab9f5e6f9cf46c639f35c418ff6b93d9,Francesco Chicchiriccò,2020-11-20
c3dddbbdcf4492a62c2f34717c2c1c93e938976e,Francesco Chicchiriccò,2020-11-23
8134c29e5bcee9dc03fbe1ddab3c172b361886c8,Francesco Chicchiriccò,2020-11-23
dec2014f3f7b315353a4aaa559d51e69be04a409,Francesco Chicchiriccò,2020-11-25
038c48b8cbbacb779c572e48d0d3d797942ce094,Francesco Chicchiriccò,2020-11-25
6127abe6db989623c800b12a13708b6268688503,Francesco Chicchiriccò,2020-11-25
492f2807adcae9ce24ebaaab51cb3c0b934cbea8,Francesco Chicchiriccò,2020-11-25
e5f01ba7631ce1fc8c2128dd18b48ed15203ecae,Francesco Chicchiriccò,2020-12-01
95885170678584e1fbde4de995861393a579ec08,Francesco Chicchiriccò,2020-12-01
44db3ed2b914b7b2cedff8c34c7f2ef817e432a1,Francesco Chicchiriccò,2020-12-02
8b7c045a95e50b6ef40649e1bac6502a63cc838f,GitHub,2020-12-02
bcfde45de2c433288e5400195247ddc353f351a9,Francesco Chicchiriccò,2020-12-02
20989dd5d9b44a0942582e4b636fdb1a8e5577a5,Francesco Chicchiriccò,2020-12-03
298362f4aba865ab5636eb81124c33785caa6e89,Francesco Chicchiriccò,2020-12-04
2022522fdc70759470d8d1ce0759dab2fb8afbad,Francesco Chicchiriccò,2020-12-04
0032b47dfce40f11d1268abd807912a7a12f137e,Francesco Chicchiriccò,2020-12-07
31bf19782cc6c04038de84e4f929ad49416e1c74,Francesco Chicchiriccò,2020-12-08
d7cb874b86b2606941813eb22e947446ad20ec31,Francesco Chicchiriccò,2020-12-09
499af4fcc386063d1a3e0a2a7f1c34393c1a5c39,Francesco Chicchiriccò,2020-12-10
9976590f8cac635e005aef4c6f26a3ff641f8be6,Francesco Chicchiriccò,2020-12-11
b81e54ad13da205ab43c2a5275083320dfb0782b,GitHub,2020-12-12
45b156616e06e45a1eec02926843f61e8fb3144f,Francesco Chicchiriccò,2020-12-13
a855a43fab2311761d4c583df26ef2eba9f56c8c,Francesco Chicchiriccò,2020-12-14
156f8a5850efdd26f835c72e136cdbf71b2f320f,Francesco Chicchiriccò,2020-12-15
257f8fd09cb45c14fd0e38d59ccde4fc1e010090,Francesco Chicchiriccò,2020-12-18
4f52359fd18faccc772aafe12317dda14d6cef94,Francesco Chicchiriccò,2020-12-21
b1613d756a6bf2368525e9460d719cedb2f07914,Francesco Chicchiriccò,2020-12-22
15094166cffac64ab1f1609a83569f8fba6f6f40,Marco Di Sabatino Di Diodoro,2020-12-22
01795feb0dc90abbaadd37b7023c5649525405ef,Francesco Chicchiriccò,2020-12-26
5a62f98da49a3f9f9139c1828dd883fe44bee68b,Francesco Chicchiriccò,2020-12-26
b8df3a34c4ee29d67ba350e7b80e4475461bdd7c,Francesco Chicchiriccò,2020-12-28
c9180501340bdeea3c8f4132c6d2b8667a172f86,Francesco Chicchiriccò,2020-12-28
4b0ac3f15da028906ccc8899dac3b857dcf5c67b,Francesco Chicchiriccò,2020-12-30
7198828c487e797583c2ff025b9aa126b01ada82,GitHub,2020-12-31
8bb5dbb575d164b2ea5e108342fe68e91db77da3,Francesco Chicchiriccò,2021-01-04
e1defd9c98ad09fec67d28a764c52bf977435268,Francesco Chicchiriccò,2021-01-04
ad296da12a8a17300eb7070574a28c119359182e,Francesco Chicchiriccò,2021-01-07
44ae5f248548a350fe693ccef1563d67bdcd37f3,Francesco Chicchiriccò,2021-01-08
f7328430e0436c794ccfc2a198e59734bbc04163,GitHub,2021-01-09
19bc68120cd3ec31809b4f69f0b7f12890dfbbc8,Francesco Chicchiriccò,2021-01-11
9609ab7a22a9c9a2842233c1104eeacb35d31ffd,Francesco Chicchiriccò,2021-01-12
fca4bdbd08746b926bdb1d78f653a476ca1d9dbb,Francesco Chicchiriccò,2021-01-12
bfd63a487505a56ac842935068f9990331526cc0,Francesco Chicchiriccò,2021-01-12
419894f3c2b123650fe43b56378b7f02c6d7db3f,Francesco Chicchiriccò,2021-01-12
c643ede7ba434cfa81b4714d1bb09db205b85a67,Francesco Chicchiriccò,2021-01-15
40e4fdd2c944be27855cd06ca0f67ecb8dfbd7ad,Francesco Chicchiriccò,2021-01-15
b5e5875aa9b599204db09b67579c92d8d61d428a,Francesco Chicchiriccò,2021-01-18
08833e16d96af6e22689232b20ae72d0fe7b3e24,Francesco Chicchiriccò,2021-01-20
9f5ae7544ca898fa037ef4c3569d2df8d1b8fc9a,Francesco Chicchiriccò,2021-01-21
22bb5cf4cc7c3ada43597f6b2fc18a15fe7780e3,Francesco Chicchiriccò,2021-01-21
77b7cb69730e9c2ffd65056e00655900bf105a36,Francesco Chicchiriccò,2021-01-22
235f0500e21152f87142da45e6aa4fcd519a8b1e,Francesco Chicchiriccò,2021-01-25
dd1c82adc6cfd340f198c6123971bff27a826562,Francesco Chicchiriccò,2021-01-25
2e184c2010fb738b88b0b75614923467cc45996b,Francesco Chicchiriccò,2021-01-26
2caee372cd424b2a9fc73e29a85deae0fc72b113,GitHub,2021-01-26
64a55eb422229a1ea5fbe6efe3c0516d607e3fa3,Francesco Chicchiriccò,2021-01-26
7dad3b04501110e3924226f1af13bb59389d384c,Francesco Chicchiriccò,2021-01-26
e0c9c1e4a9f36424f1d62a259bdbe0e6ee0b92db,Francesco Chicchiriccò,2021-01-28
ffdec41fab1f1af54fc7fa8a4c76123d27de754c,Francesco Chicchiriccò,2021-01-28
478372eaa790ccaef6c446fcce6990e333cdfbd8,Francesco Chicchiriccò,2021-01-28
f5d0ced74704928da889d98cbda4d34e307996eb,Francesco Chicchiriccò,2021-01-28
ce9a6f3740009fd409d3e370a46cb34583926d16,Francesco Chicchiriccò,2021-01-28
0693dcefbc04d239e8d80ff4da9f3d5aee7a9b6c,GitHub,2021-01-29
fde7d26b5a8da8cbc9c20c31f3b37348db1caf0c,GitHub,2021-01-29
cba2ae39f28854cde9b91d3c69af328e9c137b70,Francesco Chicchiriccò,2021-01-29
46dcf1364e6cc598d3dc30bfa422b1977cf5535c,Francesco Chicchiriccò,2021-01-30
cde268fa1b7f9adea0918746b09ff543b7213c18,Francesco Chicchiriccò,2021-02-02
27e989dc628fc7377776be1b91a88af9280cf830,Francesco Chicchiriccò,2021-02-03
5ade79718f7e4cd42cc561c02e28e7ca64bca0f2,Francesco Chicchiriccò,2021-02-03
185a3c5828bbf7308f33ec8bf179a07a1b9ef963,Francesco Chicchiriccò,2021-02-04
b968a23491bc32d77195ad2beda36d07f13f45ae,Francesco Chicchiriccò,2021-02-04
4681c65c52214cdfe70c1a1456887ed7b0d58a0f,Francesco Chicchiriccò,2021-02-05
95b56b8099933f1cf2f0145a33261d7cd10cc1ae,Francesco Chicchiriccò,2021-02-05
e4d4233b728d216d8b045eef20c85175291fd28c,Francesco Chicchiriccò,2021-02-09
5d75e928a109c282b12a5c8a84b6fed57cab964d,Francesco Chicchiriccò,2021-02-12
585b8371027307fa77366b51268a8caaf6e04e22,Francesco Chicchiriccò,2021-02-15
6c5201ab6e9bf68a626052b47e72867b60c92963,Francesco Chicchiriccò,2021-02-16
1e5260aa48c66233bba4ade4d1c3bd675092a7f3,Francesco Chicchiriccò,2021-02-16
d456d17ca8d517a8a52c7716367a4aaa3e373485,Francesco Chicchiriccò,2021-02-16
1afd8eabc2ac314be15cd0f803ff5501f4850dd1,Francesco Chicchiriccò,2021-02-18
ea8ed063aaa2d41e2d234c61b412a5aa99bf384a,Francesco Chicchiriccò,2021-02-19
9f4fb3ea92c8016753bb4fdd3e562ed4dbb5d7e9,Francesco Chicchiriccò,2021-02-19
9ab0e5e848a75d6f8b4ad8cb5fdbcc77c732d1fa,Francesco Chicchiriccò,2021-02-22
2515b1c692e3edd5c9c2e469d19dcd441d3b09eb,Francesco Chicchiriccò,2021-02-22
bada0b96eb938d661b10c8654f85e38952973d64,Francesco Chicchiriccò,2021-02-23
a4f531b4972fa01ea7ecb0a01fb1385437d0c5df,Francesco Chicchiriccò,2021-02-25
827c6819c18a3d111445047fdd40c21f14084dda,Francesco Chicchiriccò,2021-02-25
dd4c60005f70952dfaf0f0483d6e3117c9d35c4b,Francesco Chicchiriccò,2021-02-25
7326c254f1e3ed1519ccdb7a1e5f26fe23d28d7d,Marco Di Sabatino Di Diodoro,2021-02-26
31810c1eb67d413505f342d50b8c756670965db9,Marco Di Sabatino Di Diodoro,2021-02-26
d0eb222d0609e37586bd4899035ad9ff58da69fb,Francesco Chicchiriccò,2021-02-27
062803068e88ac7838c4b1bc7c0de84c09184fde,Marco Di Sabatino Di Diodoro,2021-02-27
9df3940e47ca3ec84f97549d20ea1e818995bbcc,Francesco Chicchiriccò,2021-02-27
0ec16f3f262a0fdb1219304ddce2c5c51acc7190,Francesco Chicchiriccò,2021-02-28
21da33937a90099098c8ce75282c46256f52e99e,Francesco Chicchiriccò,2021-03-01
a210af22cd6a2147514c939d5491867680b3f813,Francesco Chicchiriccò,2021-03-02
cf3799771d538832dc04612b1b31c2699cb1b894,Francesco Chicchiriccò,2021-03-03
e554c1bec98f4c7c341b1b2ae203bb0e28544bc0,Francesco Chicchiriccò,2021-03-04
1ab7c56ba2b95a173e510b450ee066c12b5d82af,Francesco Chicchiriccò,2021-03-04
3c3d63a213de7f08c04fb07ed390462b5da252f0,Francesco Chicchiriccò,2021-03-04
892638f54994f683cd18a5d42682ffc6ce0a0824,Francesco Chicchiriccò,2021-03-05
305841fbf1db00ee222f7dcc1bb89c5efefb24f9,Francesco Chicchiriccò,2021-03-05
a2bab47e0777e57aa941e0c9f3da282854026bd1,Francesco Chicchiriccò,2021-03-08
23eba45c5ad3aee4296bd1cf2957e782dab612e4,lorenzo,2021-03-09
219efb0035fbf579e74d9ba9501a17bb01ade430,lorenzo,2021-03-09
9f260a8125a6aae596e89f4e4ca5d09fbfc001b1,Francesco Chicchiriccò,2021-03-10
c0b9e04d22fe6e778d9d2a8b5e757af458e6c9d9,Francesco Chicchiriccò,2021-03-12
322295019120c83a071d5d3980f31c89808bd1ae,Francesco Chicchiriccò,2021-03-15
8a1ffb20e798ebab4db216fb4d57ef1593ada214,GitHub,2021-03-15
54307db09634af08f0d61680ee9487ee19b43fd6,Francesco Chicchiriccò,2021-03-15
a1c306fb9b472e9ee40a0bb77d974b2c7608d778,GitHub,2021-03-15
3514e04b4fb7908885a20e8ed713802edfeb4006,GitHub,2021-03-16
60c287c79ec89466fb5b8c645f459bec91c0ff8d,Francesco Chicchiriccò,2021-03-16
78b0d9ddc22f71a82eb20e396c83c46b1d08d642,Francesco Chicchiriccò,2021-03-16
ba7b4374000d868ba693c107dff4c1a3db5aeb9f,GitHub,2021-03-17
0bdd2280b1e31f2c4973217990ab57e23f8cf8db,Francesco Chicchiriccò,2021-03-17
dd54534420cc49431612cb4fa605df963ab28879,Francesco Chicchiriccò,2021-03-17
f37a93139370ec0c0752d5b901a0bb33b1b16a37,GitHub,2021-03-18
3fc2f96d6021accc39877bacee6ab509dd63023c,Francesco Chicchiriccò,2021-03-18
f2dcd6eb951d31e25a2fff4f9efbcff202d35395,Francesco Chicchiriccò,2021-03-19
788d4e00b378113a30463812d37fa261faf8d948,Francesco Chicchiriccò,2021-03-22
6ce9ef9b4b03f2cca247f1a53cad88d9068fb007,Francesco Chicchiriccò,2021-03-22
57e145767c3b376034374cd5ef487087ea49e62f,Francesco Chicchiriccò,2021-03-22
34f58e8758bf259bb1c8930da113d320e8061dc4,GitHub,2021-03-22
110caaf6fe3b2609a4537a32f2397e79c961f276,GitHub,2021-03-22
7f5c55e12cb5c4f8c44259f4a0908c47b1c9a6e4,GitHub,2021-03-22
ac431061c63d4f21fa58da8f151e54f7f490bf79,Francesco Chicchiriccò,2021-03-23
77e396f7a48f3f27fd2e16974979c676a4a59110,Francesco Chicchiriccò,2021-03-24
cb62fbcc1f1d93d2fa089e9b5dca1619a5884623,GitHub,2021-03-25
453ff25efdd23ec8335c60f4d8d39ea16587f7aa,GitHub,2021-03-27
ec845fd4c4d24b3fa69d57c7ef675eb402bcb884,GitHub,2021-03-28
cfa9b591327e0de12bb8af479717d31e478bc28b,GitHub,2021-03-29
e2efc2ee759eea95538e36f98375cde2e39c6ac5,Francesco Chicchiriccò,2021-03-29
d12da859c4412738d98caca2a57ce1902b3ef5b9,GitHub,2021-03-29
f721673e0b65de0413d4935378ca48f2c3b6cbcd,Francesco Chicchiriccò,2021-03-30
921947687a25efbefaa71a1178a0c3d918236fbb,GitHub,2021-03-30
247abdd8e9e047a55002ecc60c70d68163f73433,Francesco Chicchiriccò,2021-03-31
6a496993a8134b19f1242a005525074f312bc569,Francesco Chicchiriccò,2021-04-01
51fe17539dca6a40bed172bc1e26a60b6f6d0d4a,GitHub,2021-04-02
7fc736f2b1d81e49bb42455477af47b37ed9f23b,GitHub,2021-04-02
0a4b639eca099bf1ccc1534d2bc50e540acada2a,GitHub,2021-04-02
2646c26b173072ce746545d881be3cf2a9c46c9a,Francesco Chicchiriccò,2021-04-05
7b0683fd301ddaa6185ee0a6bd50600718de7ed3,Francesco Chicchiriccò,2021-04-06
bf197b2b4c69bd728133742d89f6fa45e5724e2d,Francesco Chicchiriccò,2021-04-06
c9f913063c98a7d5cbe5a47e5ce8a160cc227b83,Francesco Chicchiriccò,2021-04-06
6b42a8f609930f10c27058604ff9fbdc1e6a8bcc,GitHub,2021-04-08
bbccbfcd83caeebe9c6fd7f83550731ae6a2e3a3,Francesco Chicchiriccò,2021-04-08
414d480d5fb3cdba10d9ddcae91c622dc941cc0f,Francesco Chicchiriccò,2021-04-08
8fb68d86d7ecd05e93372cd59803a9c6a27148a0,Francesco Chicchiriccò,2021-04-08
1523f7a4289f374ad0f8fef68b90716f82315402,Francesco Chicchiriccò,2021-04-08
fae5dbc91d722ce90d41c8ae17dfe1c20571b166,Francesco Chicchiriccò,2021-04-08
88db9c46dc99dd214f9cac7adae708345178263f,GitHub,2021-04-09
f143c12644c786bf7f9b9176ae1a839a616d9f12,Francesco Chicchiriccò,2021-04-13
3f799ba940399a1c381991dfc501a43afb6d6fb7,Francesco Chicchiriccò,2021-04-14
04c8bd32425107209267c66b57774f91e5354723,Francesco Chicchiriccò,2021-04-14
6b518832be49821fbfd9605cb981414f861c914d,GitHub,2021-04-14
6f0df022004e4cb23e5d3e0a9104d51914be5a91,Francesco Chicchiriccò,2021-04-15
a2543e34051104b761beca56e7d47f39b63f842d,Francesco Chicchiriccò,2021-04-16
b94270d1e42937d3ca04a8fcb0182f3ca65fcb74,Francesco Chicchiriccò,2021-04-16
469ef81b76cd804b5fcb349bd86dfa846bccffb8,Francesco Chicchiriccò,2021-04-19
44d33d18426f6c58f4d8edccfc84b4ee31dc299e,Francesco Chicchiriccò,2021-04-19
dca58bc63631dcd210a02edb26b3563a575e3b5e,Francesco Chicchiriccò,2021-04-19
3aafa0a5935c27c8af4e863132da9f593a65c3c1,Francesco Chicchiriccò,2021-04-20
af7c2426c835ebd6cf7e4e018211aa2e870b3af6,Francesco Chicchiriccò,2021-04-21
bceb405408520d367c59f61c74997ebb0eb61485,Francesco Chicchiriccò,2021-04-22
833c002dc8e53237e1e26e640669601e922aba46,GitHub,2021-04-23
3083a581b8cf296c5f2d89d893f830542cbdf3b6,Francesco Chicchiriccò,2021-04-23
b45ea06572994392d64fa3e1adb5c30ac68631f5,Francesco Chicchiriccò,2021-04-26
f8ec660f1a36c66b72f20ae6f948cd5e89225d21,Francesco Chicchiriccò,2021-04-26
969e34252d5a01a3c1c434a69cc5b2a3afe080b8,Francesco Chicchiriccò,2021-04-28
624e5b7327702d1141fe9f6f8c24e647f38ed320,Andrea Patricelli,2021-04-29
94fd5c84dc1b65793d9e20d1578d13d3d3cb5556,Francesco Chicchiriccò,2021-05-03
def262927235ff4039ca890c1a1301383060fd7f,Francesco Chicchiriccò,2021-05-03
bf5f06901ae062cc13267a48275313c01c769826,Francesco Chicchiriccò,2021-05-03
f5eb7c5d3f860ccf5c8f7da677059884790c9090,Francesco Chicchiriccò,2021-05-03
03a90b2b036131302cd2387b773e0d2b0180c050,Francesco Chicchiriccò,2021-05-05
da478e7264abdd3eec506af5ab5b8207465f0b90,Francesco Chicchiriccò,2021-05-10
87852caf522bef8056e8b6bbbccaecf5472cc157,Francesco Chicchiriccò,2021-05-10
cb34368513af1912152851192fa6e9cb38d00896,Francesco Chicchiriccò,2021-05-11
3482fa893a077cb537168d1024fce11c3ea93129,Francesco Chicchiriccò,2021-05-11
2e23b2a5e72141bc7752b2ba721677090754fed5,Francesco Chicchiriccò,2021-05-11
e8f89deffb7cf68ca7517209f14192a30e0647b6,Francesco Chicchiriccò,2021-05-12
5631d1220e062fb65f87234474e39e4d03523bc6,Francesco Chicchiriccò,2021-05-13
cb5ad48f787a8c685e0f1dd666879e67b66f4401,Francesco Chicchiriccò,2021-05-14
a794df5c2eac72a00269c6978077a3c60b2334ff,Francesco Chicchiriccò,2021-05-14
b77b0f7b4a816ac66b1e5c5b66b6548f5f47309f,Francesco Chicchiriccò,2021-05-14
7fb6247c21d0ec774186c48e9d5fbee62c6eb977,Francesco Chicchiriccò,2021-05-16
075767100cf8b072185e2fc09777a13520de8718,Francesco Chicchiriccò,2021-05-17
48ece56217b561ac6892a4ea76cf7e045ead1326,Marco Di Sabatino Di Diodoro,2021-05-18
f69ec458e51cf51e47b3814faac4deb34d242091,Francesco Chicchiriccò,2021-05-18
1a7229230e6e058cbc2152530491e8c98fc5f433,Francesco Chicchiriccò,2021-05-18
a82bfcf7a6b3686c67073d5e62845be57fa71a66,Francesco Chicchiriccò,2021-05-19
dc3199cbf170a2acd78eed7379d66f3f3f054bf9,Francesco Chicchiriccò,2021-05-20
671eadca8248717334e797d6eca5a28ef5ad01f5,Francesco Chicchiriccò,2021-05-20
6e347c4dea3f905921060799195e8debec282928,Francesco Chicchiriccò,2021-05-20
eb8a5c9b3b4c5030f050043549148945eeb66d39,Francesco Chicchiriccò,2021-05-20
26d4bb7dc8c161e0bd95b6ecbb27a03cd497c4a1,Francesco Chicchiriccò,2021-05-20
1915c685709551e3cea1452afc1d8f67bb15e18e,Francesco Chicchiriccò,2021-05-21
c651cd1d3e958d985e4e3a6d36891b5f6ae87e82,Francesco Chicchiriccò,2021-05-21
5df9c74a881311f020eb53cb4e8612fa4e87edf5,GitHub,2021-05-21
3c13b93e47ff3f81ba5b4c03daf21dd972b5423c,GitHub,2021-05-26
1947b72e957da2e6da085dadb8c2aee04f041e86,Francesco Chicchiriccò,2021-05-26
bd7f30b121febbd8448322398caf8d5e01580deb,Francesco Chicchiriccò,2021-05-26
3fe8f6521a6bf910a54b346168071296f4641463,Francesco Chicchiriccò,2021-05-26
89640ee6777cc45dc754eae8e349c14b0090c928,Francesco Chicchiriccò,2021-05-27
1b5e713f966dae2a2502771e96ab9b697e780fbc,Francesco Chicchiriccò,2021-05-28
75bf23a78c918f6ec27691252c96176bcf215fe1,GitHub,2021-05-28
0f9a9d4bd8ef392fd7153b8dcfcca258697aafca,Francesco Chicchiriccò,2021-05-31
904020c940eb58950cc48a43cf3ac5d04f6d6208,Francesco Chicchiriccò,2021-06-01
ead88cdfb8fd29af813c0a218402989ce4fb573e,Francesco Chicchiriccò,2021-06-03
55bc582a7431f7085a9ad8d0859db532c40d0dcd,Francesco Chicchiriccò,2021-06-03
427d9633c7c06d550863e3e9023b9f787491b939,Francesco Chicchiriccò,2021-06-04
2770bffe9f4aea52d1e2510b822e9b0771bd8339,Francesco Chicchiriccò,2021-06-07
d9f7f96a602e1d7b3e1e13523e332b6e256167fb,Francesco Chicchiriccò,2021-06-07
7d6aa51867055b2b6741c1926ea2cd31216ff5c4,Francesco Chicchiriccò,2021-06-09
12ae0683869f68eedbe73016d03c3daf2985c8e4,Francesco Chicchiriccò,2021-06-09
c1c9116f3ac44477ff46e12376dd7b992740aa43,Francesco Chicchiriccò,2021-06-11
7ed3a9c2232faf78e1b5f2a2f323d051f92aa0ba,Francesco Chicchiriccò,2021-06-11
d1f7daf6340fe916845c08a207b5ee94e22d73e6,Francesco Chicchiriccò,2021-06-14
a8b831bb77ac166a11bf617dae591d399eed7539,Francesco Chicchiriccò,2021-06-15
56fb9a750e01bceaaff00230233cfb9c0f05bc4a,Francesco Chicchiriccò,2021-06-18
0532f1642f2b160f6313c982fe3b5f31b1b72e7d,Francesco Chicchiriccò,2021-06-22
b67b7ed5bfb08556ddfdacd5cc833d8f0bed6874,Francesco Chicchiriccò,2021-06-25
eb58c5c68724c295b012e36768bb84bd69f3c4b0,Francesco Chicchiriccò,2021-06-25
6f6f0f5f29c85ce83a61e0d328cb33024d5471ea,Francesco Chicchiriccò,2021-06-28
a355b0800f124dbd53aff374e63d12b6e87efd35,Francesco Chicchiriccò,2021-06-28
19431962a9a00a287000d758cb286e9070d59817,Francesco Chicchiriccò,2021-06-28
524fa237cb52c195de2ddd1478215a83d1ea5ec4,GitHub,2021-06-29
3a4cdb46aab775e286e6eca3c4d963c04251188c,Andrea Patricelli,2021-07-01
1edd5c6b197110323eb87d6446ffd0e69add7883,Francesco Chicchiriccò,2021-07-02
2d0d11c05a328a26f47c7084bf01552bfa83e5d2,Francesco Chicchiriccò,2021-07-02
8cbe83048edc5c618e5bad30114ac565a17c5666,Francesco Chicchiriccò,2021-07-02
e30b73e57f4fa001f20c1abd109e48260450fefb,Francesco Chicchiriccò,2021-07-02
43847ba32e82ee310e51da3b81e763210e875720,Francesco Chicchiriccò,2021-07-02
a755318c4d192c6ea48046a06acdc282f73ef6b6,Francesco Chicchiriccò,2021-07-02
25553e8121815bb1c4cccfdcffeb8649006bc3da,Francesco Chicchiriccò,2021-07-02
8b01c66717b5527ac7332efebf86480e07c865a7,Francesco Chicchiriccò,2021-07-05
95ff000d8f64482a00b9127194417769899eda03,Francesco Chicchiriccò,2021-07-05
a17545cd145c619d3bf44e5a51b8de8ffdf0fd6b,Francesco Chicchiriccò,2021-07-05
f00dddb107d2ee9f77acfeda75063832db609dae,Francesco Chicchiriccò,2021-07-08
a2ac11d426a504581c7c714f4016dcede910f8ac,GitHub,2021-07-08
3b7456649f3fde5160f1c5552c54a421c61be024,Francesco Chicchiriccò,2021-07-08
b805c8e9c2bfa1566123e3fab77f8f1c3f9663f8,Francesco Chicchiriccò,2021-07-08
ce1c3c4458ead26d7dbfbe66470cf15708cf7d0f,GitHub,2021-07-13
9ae236d46f719b5b87df2d158548f29c989fb3b3,Francesco Chicchiriccò,2021-07-13
7188f91ecc02b1f17ecac9286dc04256ee5b1c9f,Francesco Chicchiriccò,2021-07-15
902af18d392cb9f7d30fcaa75a9c78c3ecf60d79,Francesco Chicchiriccò,2021-07-16
2a4b485a935b097a07e9b925bcaca5afa3150b51,Francesco Chicchiriccò,2021-07-16
74a626cf4b860b947c21e88d9d0983b79e34d126,GitHub,2021-07-17
af09fec8752e52fbf476dd9ff36bfd47bbddc3e7,GitHub,2021-07-19
f8b9cedf7543f42de019377c465fe4ff8769c966,Marco Di Sabatino Di Diodoro,2021-07-21
28f843b5a106ec1aca9e22d79560b967f0b186cc,GitHub,2021-07-21
9de8463ca3c12aa4e3578e15b04ff521b9369836,Francesco Chicchiriccò,2021-07-21
599b2de0f56eb7617aff3a7fd0fa4c1ce5fec0cb,Francesco Chicchiriccò,2021-07-21
1a9cf472927f609d717104f20bd82c518f0d9240,GitHub,2021-07-21
e23251e949577b20b72f4f05dc98495b137ec9f2,Francesco Chicchiriccò,2021-07-21
47394c93ed81cbf6d518b81371e9ef41d2d9c564,GitHub,2021-07-22
9c8a69cdda0314c1211c5f2bb63d40f2af993463,Francesco Chicchiriccò,2021-07-26
0b545de8de3acdd54951354639e4d55da73ac699,Andrea Patricelli,2021-07-27
0a0a3d053a236970f8990167767864a9b3da2039,Francesco Chicchiriccò,2021-07-27
fb388a0c2d572e55e98f3f76ad9b1c43883e5e15,Francesco Chicchiriccò,2021-07-28
edfa956032ee2aee3a8ee693f90132754955c29e,GitHub,2021-07-29
4bd505e48727a9666c5f57704e49077b1729f85b,Francesco Chicchiriccò,2021-07-29
71e1001378f7c59b0f49b2505e0a03b8973c4a54,Francesco Chicchiriccò,2021-07-29
e4aa0a951dd3256540bd0d9d461fdf0971656062,Francesco Chicchiriccò,2021-07-29
d52aac855cb73746f2fcee92266787ea19af8659,Francesco Chicchiriccò,2021-07-30
a5ee55c5269cba7079cc3314eb92b1ca10cb58a8,Francesco Chicchiriccò,2021-08-02
128fd68740ad0caaf7ed9bd26cea46bd8349728f,Francesco Chicchiriccò,2021-08-04
959e468339c7f52d2d0faf6ecfdfcf95fc147057,Francesco Chicchiriccò,2021-08-05
1469bc817acebe10c2528f91d62fb75326c407a4,Francesco Chicchiriccò,2021-08-06
ca023d8f8c5b72c60c12920a190e03d9b9a98ecb,Francesco Chicchiriccò,2021-08-08
f43cea61e4ab570fa3e24197d58227f196b606ce,GitHub,2021-08-09
c4cba9d4c2cf80bed145b7f72dbf294a6dac505c,Francesco Chicchiriccò,2021-08-12
4d84def6c650f5b6f0950391207433a5b6626bb6,Francesco Chicchiriccò,2021-08-12
f6a343066f14bc14dc038e6130bcdb0e7a8778fc,Francesco Chicchiriccò,2021-08-14
6e69957c6cf33407a465ce25e5d9c926ae491610,Francesco Chicchiriccò,2021-08-14
8a2ef9f3d26c988d7189d01aed5f067b74e24f06,Francesco Chicchiriccò,2021-08-14
998d7efa37a6224bedd51f89441703c7691dac8e,Francesco Chicchiriccò,2021-08-16
5ebfe4efbd71bd1d314b66d140ca901ae6cffb96,Francesco Chicchiriccò,2021-08-16
246f6bac562c6dfe6e04889f04c87b9c8fbc7fbd,Francesco Chicchiriccò,2021-08-18
3c93b5bfc5aa02e0e3d707d65cf6eb6b6528540a,GitHub,2021-08-23
a10f8e3ae4e5d3d8bafd782c68d04c8cb0fd182e,Francesco Chicchiriccò,2021-08-29
d184ceaadd05872fc027a335a76f2222ee5ac14c,Francesco Chicchiriccò,2021-08-30
b76306ca086f03b55d7f351aac274f8a49eca2ac,Francesco Chicchiriccò,2021-08-31
21d4bc556281e975d2542e5280c7e58668a8f802,Francesco Chicchiriccò,2021-08-31
966c89d51c5220877271040618d171c4a6f83046,Francesco Chicchiriccò,2021-09-01
c1762ded8f952bacc2f40f4caffcf2a05af92aa6,Francesco Chicchiriccò,2021-09-06
696d53527f96475499498786f635eef05ee03c64,Francesco Chicchiriccò,2021-09-07
1592c058212f68a1bcdd7fd133543ef02b7edabd,Francesco Chicchiriccò,2021-09-13
2014827b1ab92788c10d142d9a257661152e62d0,Francesco Chicchiriccò,2021-09-14
569fc1a3190f61105c81dcf773dcea4d07bbb544,Francesco Chicchiriccò,2021-09-17
d997a52e9715437c9a4c0edce269a388c77071cc,Andrea Patricelli,2021-09-17
f585b2f9031f08dd20cfd7b16e67b74fa3ad4c35,GitHub,2021-09-18
8a15b7929069950e553db35487c96a4e5ec60d8f,Francesco Chicchiriccò,2021-09-18
6ab0ffc43370bbfca8253e5ddb0242c27a752fb5,GitHub,2021-09-18
cc1dd7243016778c51122f8db542fc8d560596b4,GitHub,2021-09-19
6b082603c2901589f97dbb194cedbf061a5f01b4,Francesco Chicchiriccò,2021-09-21
123417bcf4905d62dd6ee07155b851058b5267b2,Francesco Chicchiriccò,2021-09-23
b3699afb8ae96330f91f9984fa54fdfb9126affc,Francesco Chicchiriccò,2021-09-24
01b8e28879760f9f30778678c688d3b822db40ce,Francesco Chicchiriccò,2021-09-27
f40236adf4c68abd10776a0a9890028901c8f8a1,Francesco Chicchiriccò,2021-09-28
e06159e1a6323a63d337741826860fc3a7a85f0c,Francesco Chicchiriccò,2021-09-28
8202484bf3e1c2eba3cc3c4461e09392e9e9c5f0,Francesco Chicchiriccò,2021-09-28
00df5ad54c7ddf2627c88bcc6a2010a89c94cd11,Francesco Chicchiriccò,2021-09-30
5ec4e92bf7f996f28cc2c655aa9671ef2889c137,Francesco Chicchiriccò,2021-10-01
3b1598e2ab72309e2e9ff51d5b3c0212c1d3b2e0,Francesco Chicchiriccò,2021-10-04
95a9e4c815b038505319028d908535ca22a4cb2f,Francesco Chicchiriccò,2021-10-04
f626ec1b1b3b9cc250d06d1a63049cd2b9f0e5fc,Francesco Chicchiriccò,2021-10-04
3d5d0749a4e8b8b293a7718cb41c584f7763484a,Francesco Chicchiriccò,2021-10-04
7217e0ad1a421bd204f7cfa3923868369f10a980,Francesco Chicchiriccò,2021-10-05
0b8fc7f7a42a5095df927ab5cca3e31896abbaf2,Francesco Chicchiriccò,2021-10-05
e62fb1a2669af5d185fcd4f020bac8d517bc5cd9,GitHub,2021-10-08
d40aed123702f2a9b72d5446edc53e63acaae4c1,Francesco Chicchiriccò,2021-10-11
bdbb8d3612f3ba6dbeb0b1939b2a050053f8a206,Francesco Chicchiriccò,2021-10-12
6273d65d16e13a677e9f3de447e097b4f0cd16bc,Francesco Chicchiriccò,2021-10-15
de119ad645aa9cfc325ae5afa96d3c5064056377,Francesco Chicchiriccò,2021-10-18
35cbbdea358887f04ba301282dab913a7ba4c3a5,Andrea Patricelli,2021-10-20
355ad16be40fa2e930d63cfbf580a001e04d677b,Francesco Chicchiriccò,2021-10-20
34e349cf948f1cc1c7d0d1728039ea6bb4056c0f,Francesco Chicchiriccò,2021-10-20
197caa2d2a06851c2d1f7183197a97f264652c86,Francesco Chicchiriccò,2021-10-21
d2911fa88c273c50323e0189ee3436feecee02f8,Francesco Chicchiriccò,2021-11-02
30a9ab91b34ca633878357fd26402906b423356d,Francesco Chicchiriccò,2021-11-03
d37e91928c22853d12ff01bc5e3bb201f6054051,Francesco Chicchiriccò,2021-11-05
03403aa75736c99a25f2d4fccd1adb91d2dcbb46,Francesco Chicchiriccò,2021-11-08
74951cd7d37bcbb899ed8ceb81d1f0f51b666ebd,Francesco Chicchiriccò,2021-11-09
f62714915fc141118b043bd56087468b64b470a7,Francesco Chicchiriccò,2021-11-10
d44d53c02dc67fb682a0b3acfbd324ed1d37b4d9,Francesco Chicchiriccò,2021-11-10
a1c26fadb38dbd31b5574f0b3ea19b20375b5828,Francesco Chicchiriccò,2021-11-11
8a6bf5f9dc717e2654a41f3d8308cb1a0e9de028,Francesco Chicchiriccò,2021-11-12
a3d01f17c65179ede73161fcc380cd4fc857be13,Francesco Chicchiriccò,2021-11-12
1481a288df7c3013d678ba018e7ac8454d191a28,Francesco Chicchiriccò,2021-11-12
c5860cb4794a95bcd756245b977b769c0a34eff9,Francesco Chicchiriccò,2021-11-15
c9b4458236a6580d52b94308d8695314b69bcb04,Francesco Chicchiriccò,2021-11-17
85dd7441f3d299bbb2e1943374f9186205da174f,Francesco Chicchiriccò,2021-11-18
d6537a27380d21ff3c86def135aa6c36bf88cc96,Francesco Chicchiriccò,2021-11-18
8e05016bec7a2d2d51a74dd1b74bde29d7f3a801,Francesco Chicchiriccò,2021-11-18
65d06dee01b5a8bacbb4c4987901f1fde10bdeef,Francesco Chicchiriccò,2021-11-20
615bbec2fe069f1cf813648ebb126a721e80d0e5,Francesco Chicchiriccò,2021-11-24
ce1c186f3257a550831e268ed7768ed3c482fc0e,Francesco Chicchiriccò,2021-11-24
a22b3c837249c6c39e57953aefdef2aa73710546,Francesco Chicchiriccò,2021-11-26
4814ebf2b88ad6312d9f0771eb3eef15f8e952b5,Francesco Chicchiriccò,2021-11-28
e6dc5e8d79b58d50a760c70f55f9c6e4ae0b7a8b,Francesco Chicchiriccò,2021-11-29
f3bd04efdec7665cd9f5e809d4de12db0033b050,Francesco Chicchiriccò,2021-11-30
0a7e24b59c50068e769bd5198cade4956d7aaf85,Francesco Chicchiriccò,2021-12-01
342863b6eed55c3eb07c0c183a7ab95c7f516d95,Francesco Chicchiriccò,2021-12-02
2fa7e28874acfeca8b6124ffec94d7f0a2d0d9ba,GitHub,2021-12-10
9b814751dd777ad0a78176154f068edbd1152802,Francesco Chicchiriccò,2021-12-10
559611447d8fc9c03e9ac3e1a9ca530be41f812f,Francesco Chicchiriccò,2021-12-10
6b531ba399dceb24c4f50814d2c3803a7cc8b76c,Francesco Chicchiriccò,2021-12-10
a06b0ffb3c8885814411992e6ea754f963b8def9,Francesco Chicchiriccò,2021-12-10
380fdf0edb47cc5765e978cca4e2ef7c6b023735,Francesco Chicchiriccò,2021-12-10
65969bf15e4530bab4cc1d3f6e3bb79314d10fa4,Francesco Chicchiriccò,2021-12-11
c33085790bf63da8fd73410a689c34466551ad87,Francesco Chicchiriccò,2021-12-14
bc8eac06fc9b8fb0fe1fb7c04fc760079a3f343d,Francesco Chicchiriccò,2021-12-14
4c63df71629f093690c4383fc2f93fee6841176d,Francesco Chicchiriccò,2021-12-17
0c451247816dfd4c36fcebc5f3f30eb10dc8bd43,Francesco Chicchiriccò,2021-12-19
4880e0dd52ab243c1a56e41bb2d7a6ff2dd6e37d,GitHub,2021-12-21
af50355130d8ac0a1fd6ed784d1ef51e4d497708,Francesco Chicchiriccò,2021-12-21
c3a433ded9b1dd8df54575cf67c79b2358602a9d,Francesco Chicchiriccò,2021-12-24
cce345771e11cceed3b7817aadd27aaffdb358b3,GitHub,2021-12-24
4e7d447f9347f83f469e3aeaa286ec7d3385de00,Francesco Chicchiriccò,2021-12-24
10e7456f44b5d11cbca39c61cab8ebd76eb4cc65,Francesco Chicchiriccò,2021-12-24
a1231ec42fe122fa497d7e804edbcac1a630fa32,Francesco Chicchiriccò,2021-12-26
6519909718f7c72581ffe28e7c39a7d1a9590c50,Francesco Chicchiriccò,2021-12-27
ac4d33733944b04d11b7d126e5f85ced4f2faad5,Francesco Chicchiriccò,2021-12-27
5f911370fec9ad51134d6145d747f924b4f2e333,Francesco Chicchiriccò,2021-12-27
e773008feee9902fb9aee82a1d538b938f49ff39,Francesco Chicchiriccò,2021-12-28
450638efbb7ffd14bda6cd5fa1211e6c0aa314df,Francesco Chicchiriccò,2021-12-28
392d3ca0a5f659f5edd6f57aace70da5adca3fae,Francesco Chicchiriccò,2021-12-29
8012bd539cf5d7fd536d98289c500680b5388a37,Francesco Chicchiriccò,2021-12-30
5dd91bb416cd23c4399e9178469e4c6bd338194f,Francesco Chicchiriccò,2022-01-03
273ca7bf2608ba53e3c9594068a6416e0c31622b,GitHub,2022-01-03
822e3e94fdb67c8b14a91084efbbded36df30f85,Francesco Chicchiriccò,2022-01-03
18a21da32c2f6619a099504e54e6d3586dd1b128,Francesco Chicchiriccò,2022-01-04
a54bade156ddf0f4da9dd1f188d438aa6c1c8b2a,Francesco Chicchiriccò,2022-01-07
c83cc6833eb647672f5d55125c517d25f7a24cc7,Francesco Chicchiriccò,2022-01-10
bdeaaf4660a7b9b3fbecf20f41c9db20cca6aed0,GitHub,2022-01-17
630aa9883abf58e912ceef7fa9d176f1fcb81ea2,Francesco Chicchiriccò,2022-01-17
52aeaf5de2e8d4b73562666685d96457426c6181,Francesco Chicchiriccò,2022-01-17
1a2c0d8f2969c5b80b20bab770f7303886414504,Francesco Chicchiriccò,2022-01-20
143a88a256eba99a6e528bf3a91a0f402a2939b7,Francesco Chicchiriccò,2022-01-20
3b35f56327454477db90b2144e6999b9e8e9db32,Francesco Chicchiriccò,2022-01-20
813cf0f519e0f55fb1c594b6b80f4f4b8ec61bc6,Francesco Chicchiriccò,2022-01-21
b733fa1e2b9715921729ace6cb6d3c823a3ae272,Francesco Chicchiriccò,2022-01-21
b5b17eb7e5629566f39fdbeedb857d58d99333a8,Francesco Chicchiriccò,2022-01-23
f029f8e6a3aa549af10b665809b08f0d95128788,Francesco Chicchiriccò,2022-01-23
1e3950d111e6c371a66f243811af75f625f2511d,Francesco Chicchiriccò,2022-01-25
571cca92bc208bba50e5e018032ad25f58b0e90d,Francesco Chicchiriccò,2022-01-26
3e694ca3a2764001f64a43660ee408d08d55bf3c,Francesco Chicchiriccò,2022-01-27
b1d11bd9f1e7a9e8a5f836376879e22cec07fae0,Francesco Chicchiriccò,2022-01-27
b6fec7734a75d2af135a13420a6abb8db7343c1b,Francesco Chicchiriccò,2022-01-31
a9572776f9a009ff436e09f629f8ebc2678cfae4,Francesco Chicchiriccò,2022-01-31
c1087c525b65258fdea224a85acb8fda5eb32384,GitHub,2022-01-31
c3a016d0f16b610726ebd07cf997ab294595b0b5,GitHub,2022-02-01
714e150d81aa8e2c07e1f5b7aa69108a3d383b33,Francesco Chicchiriccò,2022-02-01
eab2bcf9dae1a32564fd7577005ddfa196bdc90b,Francesco Chicchiriccò,2022-02-01
2406c101f1d51ba107c4f423081facd00cc537f1,Francesco Chicchiriccò,2022-02-02
5f57779214db28a3fb0ad720e8df082b6faac824,Francesco Chicchiriccò,2022-02-03
07dcd306d6967df3abacf1f296ab4c0e9869ad77,Francesco Chicchiriccò,2022-02-04
c23c02bf222bf7192e6ac82a49fee4b313b92a14,Francesco Chicchiriccò,2022-02-04
9e29c518beaa07dc3161cd23b48c6568e595733a,Francesco Chicchiriccò,2022-02-05
1fb8b4fa3a7d0af2158f01d61dd0a0e35a86b8a5,Francesco Chicchiriccò,2022-02-06
a02b0a27b242265c8b67e1952f5ccdb23d20803c,Francesco Chicchiriccò,2022-02-06
0505dc24e978f3b6ff14fef6d74737cd4d09664d,Francesco Chicchiriccò,2022-02-07
e5ee36f8bbe2e9bd41359f4f2f6009ed1646baa1,Francesco Chicchiriccò,2022-02-07
bea2c7cbacd12ee6048f7e71f05322de045fddce,Francesco Chicchiriccò,2022-02-07
b7d454d8e691e97c9ee4cb1aa5052f5d0701ba7d,Francesco Chicchiriccò,2022-02-08
892e5bba130e2c6dcc7e5a6a4a123e46ba9440b3,GitHub,2022-02-09
be349a14861ed7c2ab3c0d4ff26a918d8774cbe4,Francesco Chicchiriccò,2022-02-09
75b892482fb58828ffcd146209ba3c2b2373f9b3,Francesco Chicchiriccò,2022-02-09
a0e62e57617d1324a154bcc803f891b9afa81efa,Francesco Chicchiriccò,2022-02-11
9738f6822a323f009a9fc24793cf084e1c5756fc,GitHub,2022-02-15
ab1e023e08116b0644a51c0139f6a6fc2fe27c02,GitHub,2022-02-17
71cde6c04e4236eefc9293e14d8f86c56e357215,Francesco Chicchiriccò,2022-02-18
4ebb420ab46a8f7b8202fc7000b6eea077f3a789,Francesco Chicchiriccò,2022-02-18
2acdc0ff5cb20664cd75c088bbcd98190c5f2bc7,Francesco Chicchiriccò,2022-02-18
1e222533ab15939a8941640e89e4d795abdc68ee,Francesco Chicchiriccò,2022-02-18
0d4247842aa360fb0d67908e3266cacb8497b062,Francesco Chicchiriccò,2022-02-21
f550fe30631fd72aace3222b1730699415cb4d8d,Francesco Chicchiriccò,2022-02-22
4581c9ca0f567eef32586073d8c4d9718c1827bb,GitHub,2022-02-24
e69e2c26aca05927b7efcb7c89af8f4d2b490e1d,Francesco Chicchiriccò,2022-02-24
c75e5d362bec01b71a1654831af4db15cffdb745,Francesco Chicchiriccò,2022-02-24
3473dec66459be232a7e44b7059e759e1ab6f276,Francesco Chicchiriccò,2022-02-28
686cf0f1abb26f9526e767ac69494377de276df1,Francesco Chicchiriccò,2022-03-01
d7ea8bf986fea4885c91ce151b18a79da6bc5e5b,Francesco Chicchiriccò,2022-03-01
9d0160eac046990d1df7c3eaf05a0429d82b0afd,GitHub,2022-03-04
c483977b540d12610bd59192cc8beba8bdb26c11,Francesco Chicchiriccò,2022-03-04
100af0b6fdafb48f5eeb21000302c24bb0918a70,GitHub,2022-03-04
b4a41e0e41f6c8c9b2ca1afc9ce7e19efd485bcf,GitHub,2022-03-04
7491636f0f7cea3341fc5942e91e152d29086ebc,Francesco Chicchiriccò,2022-03-05
623fb2a9dc68a984b3653a38ec7e1f375a03a5df,Francesco Chicchiriccò,2022-03-07
9f43ac26aadf9b81624ad02a008b0896e7135943,Francesco Chicchiriccò,2022-03-07
cf4034b8a3ce9e734358f2ddd8a952fb861e53d3,GitHub,2022-03-07
120e355359d99c0f654c218f9277e31c03103f14,GitHub,2022-03-08
f8a8426890db4f03462bd01fabd7d8dffef24897,Francesco Chicchiriccò,2022-03-08
9ee8f4142eea695886442a92fba7f2d6794f0f00,Francesco Chicchiriccò,2022-03-08
b33d9c6cd8e75acccfbc2e64cd1cd0865470a70a,Francesco Chicchiriccò,2022-03-08
f354dc5b7ac1978cb9df6c1580114ce7faff9ea2,Francesco Chicchiriccò,2022-03-08
8c514c91805d6e69f132b999d812c78aecc959ff,Francesco Chicchiriccò,2022-03-09
f8a6b6c972b5b60584475437c10df1e699b1bcee,Francesco Chicchiriccò,2022-03-10
7309dd303f2fe9238df4b69776f6284a87549599,GitHub,2022-03-10
c36541a12b2b9f05c82f339c46a39c441415ac86,Francesco Chicchiriccò,2022-03-10
a11b9bfddb0a3ed6d33504889fae6130c8fa2dae,Francesco Chicchiriccò,2022-03-10
a03989916e1d86e6a8412de6f4b9ecdb2269e4c5,GitHub,2022-03-15
dc1340d85dbfa5985598be3d69a4cff2638aee03,Francesco Chicchiriccò,2022-03-15
a7a0f09a2e199444e6c6f68a89b739a7b43f12c4,Francesco Chicchiriccò,2022-03-15
16eb770342d739debc3953d98d94cfde5eab98de,Francesco Chicchiriccò,2022-03-15
b0348eae402d7afcdd1ca3d8cc5e9dca97ab7fe4,Francesco Chicchiriccò,2022-03-17
cc7f2f66b21479f76f632dc24eccc4c5d7c6868b,Francesco Chicchiriccò,2022-03-17
7e5013503edbca7110d3775b7f4280251c00a421,Francesco Chicchiriccò,2022-03-19
86d5fb729ff4612506e79f54b1c3ea9411f6b827,Francesco Chicchiriccò,2022-03-21
d452cbb4ee5cb44110708ff2440a0aba9c5bdc35,Francesco Chicchiriccò,2022-03-21
a34ebea20cb5f9556e27cbb136adb638d75956de,Francesco Chicchiriccò,2022-03-21
8d9a8624cb5c62d37eb11572d1bc167c6af6c6b2,GitHub,2022-03-22
418ac721554ff580bff73789fc992c9f11c7feb0,Francesco Chicchiriccò,2022-03-22
c6c693f7e34cc957b4f6762a74dd1003856b68eb,Francesco Chicchiriccò,2022-03-23
f166c24e2b268f8a81aa411eadfa9cb5d62840a1,Francesco Chicchiriccò,2022-03-24
57a2f7e3f9b4aa4611f8f2512a44c18669158e6c,Francesco Chicchiriccò,2022-03-28
e5c4864e0a0f791f85eba2e539a67243aabc917a,Francesco Chicchiriccò,2022-03-28
49c4e9a09f440d4f9bc8dcc07593e1e429c084cc,Francesco Chicchiriccò,2022-03-28
764c25e00f7b870704f1eff9f699fe51caa96e15,Francesco Chicchiriccò,2022-03-29
553d9c6618bf844eba80135c202abd188f207431,GitHub,2022-03-30
7c856ebbfbd352cffda8bbfad737ad32840d74c9,GitHub,2022-03-31
e406be18f6d849019a8a285316c3dbb76d684ba8,Francesco Chicchiriccò,2022-03-31
b630205d2df09b0874d6e1b2907d3a9d9820e66d,Francesco Chicchiriccò,2022-04-01
5f55e43c78a0e38046d9a04db94dc00bcf8f4293,Francesco Chicchiriccò,2022-04-04
0364b7935dd395604ab1004a88814cb55864b731,Francesco Chicchiriccò,2022-04-04
1867a7086c3024fea7e1df65f71ea9fc693ce849,Francesco Chicchiriccò,2022-04-05
ee1ede9884fb814f8d199388c1cefa692058f895,Francesco Chicchiriccò,2022-04-06
5437f7ef1b63433e9cf0cbb1d261845b96a79698,Francesco Chicchiriccò,2022-04-06
a99183dcc6fc228a11e31f5e5bad35e1682bf37a,Francesco Chicchiriccò,2022-04-06
40710978a407d10e35f2b8f776e6872ae31fdbdb,GitHub,2022-04-06
68d14f63337d0595c4e238a5c9741ee58b5435be,GitHub,2022-04-10
d685ed84b0726661b6243469b9e51a6f3999c9ec,Francesco Chicchiriccò,2022-04-11
f83114b7dd9e7b91fed783cb105696ea42c002bb,Francesco Chicchiriccò,2022-04-11
ecc63bf2b9f037a88cd23ca3575077bfb958c9ba,Francesco Chicchiriccò,2022-04-11
2cb9a06118c3018102a54b1389bfc8bae3b9a604,Francesco Chicchiriccò,2022-04-12
c11953fc3dc6a838d92465888c864321845dca4e,Francesco Chicchiriccò,2022-04-12
4d9dcb63ce89ecdc33f544f7e5e937786e354599,GitHub,2022-04-13
9f665dede10ee06f63ed39172687c014508466d4,Francesco Chicchiriccò,2022-04-13
7e30efe6fa72329ae4c95ba5315a74c917a5c4fc,Francesco Chicchiriccò,2022-04-14
df0032aad149bfc41e69e2f0b3e11d8291f057e4,GitHub,2022-04-15
a9c8dc1b5b31c5956b2c8e3c2ca49f1394e0407e,Francesco Chicchiriccò,2022-04-20
a80c6cd6ba819aae0aa49e1f99854c4c8ee0cdd3,Francesco Chicchiriccò,2022-04-21
9b328356eb2d9e085320be6362b9e84c14e2e880,Francesco Chicchiriccò,2022-04-22
a64ee02efa6a34469ee061abf555a553371af4b7,Francesco Chicchiriccò,2022-04-25
fe317b00a20bbc6737ca43f8c2d5f6c948427295,Francesco Chicchiriccò,2022-04-26
6bb37ebde42deda53ec12e9b73749ee3f79f696a,GitHub,2022-04-27
0e2f847ac6bb975b8cbf4a00cf5c212b49b0282f,GitHub,2022-04-28
46f18682f7dec81f933abd1430b91e4d908c04f0,Francesco Chicchiriccò,2022-04-28
4ad332b8dd3e545698240ce7ac8ec397053204e3,Francesco Chicchiriccò,2022-04-28
ddd0d76b373f00c3dec08118451932645e4dcc61,Francesco Chicchiriccò,2022-04-29
e49077e7f8069a797523af507d7d25599515d2d1,Francesco Chicchiriccò,2022-05-01
7e0ad38b6456d2407a187c78c3cf3a1be9982e41,Francesco Chicchiriccò,2022-05-01
1b67e11c0e686b9961fed60083a427ad5ea9ca0a,Francesco Chicchiriccò,2022-05-03
4a46c874068993be68e21a5d980785d9ff153a7d,GitHub,2022-05-07
db980062bc3362d532f267db536bfc6c667893ea,GitHub,2022-05-07
77d1e9f2e84cadbec0173f9a2bc23dc59159aa40,Francesco Chicchiriccò,2022-05-08
780a16c365dd06593917e6945653d2f7eb69cd39,Francesco Chicchiriccò,2022-05-09
2cfe17dfc3a189a4675decf5f963615e22718933,GitHub,2022-05-12
66eec271597fe28c7671829b614808ab920d8251,Francesco Chicchiriccò,2022-05-15
09d2adb4e669cc80cea1f489456b65a265cfef18,Francesco Chicchiriccò,2022-05-16
ac55c571f5ca4ea3ca118b626246fb4d5f1dbaea,Francesco Chicchiriccò,2022-05-18
2cfb1c0e654784eca947500ea7193db3d9de38f6,GitHub,2022-05-19
2d5cda8029c23c97b1a37db3dfaa436056cd519f,Francesco Chicchiriccò,2022-05-19
97e6a90bf21415e8459cfd05c0f25a4c705b17e7,Francesco Chicchiriccò,2022-05-19
4919fcab3298bb3dd5c1a2c30aefcf94ca99df1f,Francesco Chicchiriccò,2022-05-19
8a2690568f7e3653a7112c0bdf795654efb236c5,GitHub,2022-05-23
ccb30f53bdb9bf46daafb1052495149aeefee648,GitHub,2022-05-24
99d5af12d6ff53fe890c4a41ce772d539c24a49f,Francesco Chicchiriccò,2022-05-24
42c0340035dadee497b1df7c768988268f4482f0,Francesco Chicchiriccò,2022-05-25
805cf58eeee3a5bee2141bb396b41d5847606e63,Francesco Chicchiriccò,2022-05-26
382738527a32c01907f01982097c996dd672f14d,Francesco Chicchiriccò,2022-05-26
98de3f7f0ce57ae7fb1bc64b56a308cfc5957bc4,Francesco Chicchiriccò,2022-05-27
2432dd52c53b6b3cfe6356171241eb3ceaeb6172,Francesco Chicchiriccò,2022-05-30
f2f5819cc17df83a2c96e9b23a3f4364e8866308,GitHub,2022-05-31
8e2227361867ddaf4baef14f73091d07a7d39749,Francesco Chicchiriccò,2022-05-31
7e2ce58829f18e9536d44a4fceef124762c36a18,Francesco Chicchiriccò,2022-06-01
9ecd2ed2548c538c45409376e83295103be844c9,GitHub,2022-06-03
c002f3f84628cef296f312926732fbc3d09e9bee,Francesco Chicchiriccò,2022-06-06
1dde86861417d89e2f93c38e6f182aed8dbc54a4,Francesco Chicchiriccò,2022-06-06
8cf8fe97981337a4902a043a848025f8e0b032de,Francesco Chicchiriccò,2022-06-06
fd2646ff0c67fd4c2f06db9c171c275dcc19cdd4,Francesco Chicchiriccò,2022-06-07
176506ffdb82806d01a1a5b1793faaa1e9b1f454,GitHub,2022-06-08
8deb15586cd86fe4080926c16f75bfcd6038a57d,Francesco Chicchiriccò,2022-06-09
30bc8ac4ed86e2e8f14227df43a6f70d230ecf50,Francesco Chicchiriccò,2022-06-09
60c29b0c94faad1823cba465c27c939215ab15d4,Francesco Chicchiriccò,2022-06-10
a1b5401380b253f9f184971a757db20d61b73799,Francesco Chicchiriccò,2022-06-10
b2d618cc42dad69f18478286f3f971dd66f8e8b5,Francesco Chicchiriccò,2022-06-13
3514897204236ff7b04d3ee79077472243c3f32c,GitHub,2022-06-14
e382c92187592e594456ccfbb1930b7ba2df9e71,Francesco Chicchiriccò,2022-06-14
bc1f7c7c451285e8db80d42d5634d01afd611dd3,Francesco Chicchiriccò,2022-06-15
a437a9f16a31f95954b9f300a44d0d5b17ce130d,Francesco Chicchiriccò,2022-06-16
180560aa9fb94b66edb21851b165659381c5b620,Francesco Chicchiriccò,2022-06-16
fb2d0c47b93cc1e809cc33decbe7907ab21c5fb8,GitHub,2022-06-17
0c241a561cc4b0612ca41a4f5e6ac273a63c281c,Francesco Chicchiriccò,2022-06-17
5d97fc3ebad3ea09a50a4f570434c5baa91f77e5,Francesco Chicchiriccò,2022-06-20
195977e39d94c0a97ae31ce78fd0b7c50d2edd42,Francesco Chicchiriccò,2022-06-20
0f038dccfa2dfe64e6fd173207341633cef85607,Francesco Chicchiriccò,2022-06-20
a08e815f5d7dff88dade65521d28d55a12f52343,Francesco Chicchiriccò,2022-06-20
e53341ed4d822ddc73e778be8556070a7102b8f0,GitHub,2022-06-21
0585d83bccf438f6d5a435e7c84a072fadb5ef06,Francesco Chicchiriccò,2022-06-23
355de2bf475f803671f891ddd9e59e7ee5c714ef,Francesco Chicchiriccò,2022-06-23
d4d63645ccd284bb2da63089f305d7db88629b62,Francesco Chicchiriccò,2022-06-23
c7e7c1b4cee0ca69866989f47797d5cec6232287,GitHub,2022-06-24
0cc265743e1789d7943a708bffa64fb04ba7fd4e,GitHub,2022-06-27
2a350f216d0a063e0d6996bda71aec1332504335,GitHub,2022-06-28
0dc788725aff2651a4abd9471d7049db476a5a89,Francesco Chicchiriccò,2022-06-28
637d752a1269ebf06edac6aa1e7892fa75103643,Francesco Chicchiriccò,2022-06-28
787666fcdeaf648bb818d5185c96b16c3f39f1d4,Francesco Chicchiriccò,2022-06-29
c6c0c517ebc32510988a7c299ea9cd976a4f9f83,Francesco Chicchiriccò,2022-06-29
e962bd0956d013cda6419f8ce1063c653ba55100,Francesco Chicchiriccò,2022-06-30
19fbbb3fdb19eddcb536b5104b121cc44891c88a,GitHub,2022-07-01
4f067e25ccd23ef8d7f3e04b938b26755ad4b6e5,Francesco Chicchiriccò,2022-07-01
b3624ae23586b21f0ccbeb394e1854b2593407ac,Francesco Chicchiriccò,2022-07-01
c9e4f7790f9f7b40bad6fb32dbbba4879111835f,Francesco Chicchiriccò,2022-07-01
e0a89f05bd43bca4e4f9f9c484ffdde24ab439c9,Francesco Chicchiriccò,2022-07-04
09ea39b15a42e57d32db11b8e9e4d3268ae73c89,Francesco Chicchiriccò,2022-07-04
653fd0f268cb17c051a9297ac7ce5d1b4fcfbd03,Francesco Chicchiriccò,2022-07-04
931e6e3cf130df09141341b0f3852204f69cffca,Francesco Chicchiriccò,2022-07-04
8511cd9a0b2881e8e9ed265b8a439ee1c6c28cc2,Francesco Chicchiriccò,2022-07-06
b117b73d19ab36135e8a10c4eb2c9f315e870a65,Francesco Chicchiriccò,2022-07-06
6223ede387255c2ac1ad92f798eb86da6cf2e62a,Francesco Chicchiriccò,2022-07-06
e4d0fa81dd6e458d01d265cbe9dde5a95bda8c43,Francesco Chicchiriccò,2022-07-06
b97e4af9f1eb728051d719ea2bd52c28a897293d,GitHub,2022-07-08
da7332915413e22927d99fb181712d94912b31a6,Francesco Chicchiriccò,2022-07-11
703803cc8ed2fc721a5e6c080ed231b9d1bce2d9,GitHub,2022-07-14
e702a667035b32585f45ed72cee5dc68a515219d,GitHub,2022-07-14
f8fbaf6c8e79cae7e9837946a62fd5d8eca5d715,Francesco Chicchiriccò,2022-07-15
f4753fcc2a19f713685bca91d6fbb118da4f0d2b,Francesco Chicchiriccò,2022-07-24
ab6ff63ace4b51d48c32a0799735fcdfdab75e6a,Francesco Chicchiriccò,2022-07-25
e32abd3f0797dd23ecd868327c3cdb3afed24ab4,Francesco Chicchiriccò,2022-07-26
828e72a056e849882b090352c77b6c1797d76a60,GitHub,2022-07-27
99abd29aed81754fa28a35ca72fcfd851e7910b4,GitHub,2022-07-28
442a7360c76dca1c6d741fe5979b0be42018c4d0,GitHub,2022-07-29
211b5ede266dbcd6a2850d6ddc05bfdc3243d4bc,Francesco Chicchiriccò,2022-08-01
43e7cde907dc5e34fcb0585a3323f1f6a56fe9c7,Francesco Chicchiriccò,2022-08-01
121921ea380f26a6ac636d8de0904d31d156f3e2,Francesco Chicchiriccò,2022-08-03
d95f77d917eb80e51d8b7b32c78470f056d83014,Francesco Chicchiriccò,2022-08-03
f092bb42453f40f7a169470dabedb32123b80652,Francesco Chicchiriccò,2022-08-03
6003a7b9fbc34bd7ab28f1c24aafb885d8616a50,GitHub,2022-08-04
7e306f1e88e48556eb386b950c6714d118b7ab2e,Francesco Chicchiriccò,2022-08-05
fb917c7ac4f8a8acf0a51d5e9d84a5b7a989e9df,Francesco Chicchiriccò,2022-08-05
4675c684b27e91ff07d7179e4aad3c5d8d2b623c,Francesco Chicchiriccò,2022-08-05
c0d0a72bc671c8608331613e529fd0ae251991f3,Francesco Chicchiriccò,2022-08-05
cfe73c4684c71969793f659331f56412709d8773,Francesco Chicchiriccò,2022-08-05
0d0a1d5731858f4999dc625749c36bcc6da747d7,Francesco Chicchiriccò,2022-08-05
ef91fbef1e3530d0226e71c0f024fb815f3f448a,Francesco Chicchiriccò,2022-08-05
80837b25692d4aa381c2e2aafb6ad49db1c1dcbc,Francesco Chicchiriccò,2022-08-08
d966437ba0d7483a8f02a7ca0dcdc98b065e397f,Francesco Chicchiriccò,2022-08-10
fe0edcfbb498c0a6fcc67ba506a123073c515ccc,GitHub,2022-08-16
1c078370dd72f75cb2cf389f7701f067b883347a,Francesco Chicchiriccò,2022-08-16
318ef9702356187228c442d3d0e26187bb6226b5,Francesco Chicchiriccò,2022-08-16
26c99ad4d6509a9c8b29df5500bcd9961d4187cd,Francesco Chicchiriccò,2022-08-16
87e88fee38e22ed266133e163b160273e9a2e282,Francesco Chicchiriccò,2022-08-18
ed4742015dbe37228c1016e176103b9ae5c70ad5,Francesco Chicchiriccò,2022-08-22
a8c3bd5ad4eb56bd6c3fedb3ea558309a058899b,Francesco Chicchiriccò,2022-08-25
bf0dc47b7d1bfbfebe0b8f6d6dc6eb15713ac90b,GitHub,2022-08-26
734923d52ee77d4b4e0e63e0a14127b2ec7cb017,Francesco Chicchiriccò,2022-08-26
891ed10b74e20cbcbdfc6a0782031ea1b85a3e12,Francesco Chicchiriccò,2022-08-30
47af7b55368583850e4064a324a4c73ccf649b0d,GitHub,2022-08-30
28e9ac79d1826622b40df6a0cd66bce52b5341b8,Francesco Chicchiriccò,2022-08-30
84b726dbe876bd977b7262b112b277c645f8abb9,Francesco Chicchiriccò,2022-08-31
4014601f040b4a48c46585e4259d968bce554ec8,Francesco Chicchiriccò,2022-09-01
5119be8c2506d5aaa0965dd085a01756fbd3c91a,GitHub,2022-09-01
c9cc09ad5c0515590b8dabaa883b2fc874f75d8c,Francesco Chicchiriccò,2022-09-02
5932c30ce525b4d60eab9c46d2751aaea2af5444,Francesco Chicchiriccò,2022-09-02
1820311eb6114e6479d114457ae8666004920a9c,GitHub,2022-09-02
f546d449293b9a2cdb1f1598c30f715bcf456530,Francesco Chicchiriccò,2022-09-02
0795d3007467ebb698fea4534a172d7e78389f53,Francesco Chicchiriccò,2022-09-02
2e7db2c883145b6c315046d87a09df31df55548a,Francesco Chicchiriccò,2022-09-05
5758aa8e332bf48d5db687a09c424fda01cc7aa8,GitHub,2022-09-05
10822a3af3e3d664c31c8b1c1569dbecfe9323d6,GitHub,2022-09-07
67472cffce57064d83a2ba45c084d7fb0c433bc6,Francesco Chicchiriccò,2022-09-08
1ce48ff23ee08aa2a934b6d5b39ec0eac6dc6440,Francesco Chicchiriccò,2022-09-08
76ec392b4b265dd02ff3a62d40cd35bfb31a59eb,Francesco Chicchiriccò,2022-09-08
619535c984865c2a8ee12a9b1d5d658b89958d61,Francesco Chicchiriccò,2022-09-10
f6735a83898d6a0d64ff8308e52534cb51d1976c,GitHub,2022-09-12
56fb5f5eaf86c5fc10cc0afa86dd4ef5f90b9f50,Francesco Chicchiriccò,2022-09-21
4c8c28191c24ebd2454eb4697e646a1a685d7a7b,Francesco Chicchiriccò,2022-09-21
4e9d7702c72f884c99be431b693bb8878d0097a6,Francesco Chicchiriccò,2022-09-22
4f6598f464f83a0153c65c8173d46ce5db5874e7,Francesco Chicchiriccò,2022-09-22
9bf615167b12f70c2598f537b6e8f8b9e0af73e4,Francesco Chicchiriccò,2022-09-22
f761d7b11b363cdc33af37109835903b00d04db1,Francesco Chicchiriccò,2022-09-23
75b3b07a0f6d0b1aa75ca0bc2fe090abc37c6003,Francesco Chicchiriccò,2022-09-26
1c7548c4b14a65e33e7418d9a0873089f9ec4bd1,GitHub,2022-09-28
5f76fce39abed1828128e27f7494a0628c66752d,GitHub,2022-09-28
89f95a8724d65603a88d7d3accb18fa0bff910be,Francesco Chicchiriccò,2022-09-28
f3ac527ec9eaf77a7abb61dfb87bc29ec062620f,Francesco Chicchiriccò,2022-09-28
60a3e52ebd74cd240b62d9dc387ca07a6f86e5e4,Francesco Chicchiriccò,2022-09-28
3866b1d0449ee8835ac8e0306b1688480d01f652,Francesco Chicchiriccò,2022-09-29
7e90d9a8c797bc43f1a8a911911ca89e93f56207,Francesco Chicchiriccò,2022-09-30
943885a1a5eba5c507f9cb19eefe1f39db1a373e,Francesco Chicchiriccò,2022-10-04
9480636a80600af911a3c1cd372707e83f210fde,GitHub,2022-10-07
47cf15904a4686dbda2c2c5dfbc6ffcdb7c57fd9,Misagh Moayyed,2022-10-09
782cb9c1479bc00a57cb9ef14757b930af4011ff,GitHub,2022-10-10
782cd4aa4308a336ac4bcaa20194851d1d8cb93f,GitHub,2022-10-12
952ebc2a008b3c26bf2a343d184aaa5b82d3e248,Francesco Chicchiriccò,2022-10-13
321d37deed80bca007d0cb0eb813c996a70683cc,Francesco Chicchiriccò,2022-10-13
e31535dc58de9613673c1f719afa32f5fbc5eff8,Francesco Chicchiriccò,2022-10-14
e61941b896d502d02e8e2434e602a8e652950bdb,Francesco Chicchiriccò,2022-10-14
00a5192c898ccb7c02468b767430018ab08b7bfb,Francesco Chicchiriccò,2022-10-14
3394328bcfbe0125a6a38a48a056ba4f44b8d82b,Francesco Chicchiriccò,2022-10-14
c7d3c995dbc972f619652ce45a84900eb238095c,Francesco Chicchiriccò,2022-10-14
7449bf50267c195ebf2943ddb7925bb8830b807d,Francesco Chicchiriccò,2022-10-17
5ce11de0bf5e75102435131393ba23d38c29228b,Francesco Chicchiriccò,2022-10-17
27243a5faf6311ae6b53cc661c811afeec4c7b2a,Francesco Chicchiriccò,2022-10-18
b92248f160798e3f99c22ce80a5d54de32867d17,GitHub,2022-10-21
2502355999da7292f15327ef568978123a9c5189,Francesco Chicchiriccò,2022-10-21
6e749c35513ce12f72a5953dc84f6be65acfab35,Francesco Chicchiriccò,2022-10-22
fffdd3a048b29d98e80c0f0bbb468c35801153f1,Francesco Chicchiriccò,2022-10-26
49e013436f13856093548672105d79e5d6edb9a7,GitHub,2022-10-27
c1f0c59ce154d130aa9e0d0b2b907e29e3ff6b2d,Francesco Chicchiriccò,2022-10-27
3845f184c94d00ced0841c6c67dddc30d6bfb54f,Francesco Chicchiriccò,2022-10-27
9ad28c4373b3e9740d51d4d2a43c5c7ae784e72a,Francesco Chicchiriccò,2022-10-27
1d7a4648b498cd8b20b1ebb9ea43b9457d2af542,Francesco Chicchiriccò,2022-10-27
7639638b0c0f22f61b4d9ca8f6d333702ebdb446,Francesco Chicchiriccò,2022-10-27
396b01815ddb802eaabaa91082ccfaec72463a12,GitHub,2022-10-29
05d651c67f9740f67ed055c5ce0eb48a644d52c1,Francesco Chicchiriccò,2022-10-31
2bdaa1aefc501f94bb78aa55f5ced2e2b51e645e,Francesco Chicchiriccò,2022-10-31
5d0066749e291eea1f265599e5d634d7d9193a51,Francesco Chicchiriccò,2022-10-31
c20441f168f8ce5bbdae8f20bdfc2acdd5b7a466,GitHub,2022-10-31
ee88940efc0a256d3c8b5c03151ebfb87d9bf157,GitHub,2022-11-03
f42ea0bb756a82a39d42617a746f8f213b1f3ff8,GitHub,2022-11-03
ae4b85b2e733b605e6bb683c9a8fcbb690bae09c,Francesco Chicchiriccò,2022-11-03
20e95afd7d3d301077c912c74eed0a21e491cf14,Francesco Chicchiriccò,2022-11-04
c9b5da8b7142515f993e5a4544551374ff77711c,Francesco Chicchiriccò,2022-11-04
a6e962d6ed2ff7d89f39de3b59485e3b6b0c9753,Francesco Chicchiriccò,2022-11-07
d2a9a472cca32b314e5d6a11e61894649090e634,Francesco Chicchiriccò,2022-11-07
309d6ef9682612ce700d0caa60c13e68350bb007,Francesco Chicchiriccò,2022-11-08
846bfbf3abf430564edf3c3d87b9e5f7087194c3,Francesco Chicchiriccò,2022-11-08
88d6fd4424f7ddc72906cf259b278a59a032d5be,Francesco Chicchiriccò,2022-11-11
67bf0e0c900c1b3aebbcc98a579aede659fe959e,Francesco Chicchiriccò,2022-11-11
d4a8b1eb53b246c42acb757739637be02838a082,Francesco Chicchiriccò,2022-11-11
0986f71dc4413a4d1831ac86ff193ed12be345ed,Francesco Chicchiriccò,2022-11-11
a1668c2c86550abfd8ddeda3e7bc07dd969c1f8d,Francesco Chicchiriccò,2022-11-11
f1cd7ccec1382a696d9e09b3454a227de9f55558,GitHub,2022-11-14
5a85f3ec47a8d639d0cc4c9f80b72813049a313b,Francesco Chicchiriccò,2022-11-15
6ca1c01fb4ebb1f217e321323656c5ea7e555206,Francesco Chicchiriccò,2022-11-17
30f9c1ef1a806711569c8dc82ae706f3ed3b0c45,Francesco Chicchiriccò,2022-11-17
c17d1a0a179a6b7c696b39f1bf429ecdc16725a3,GitHub,2022-11-18
436013b788938a6e13112f9c96034b4cb2c5a419,Francesco Chicchiriccò,2022-11-18
1bbbbc29b9eba6f7619828aecae4a825a169a064,Francesco Chicchiriccò,2022-11-21
28b3368aae75866178ef935acb54de5087a90c69,Francesco Chicchiriccò,2022-11-21
7c1bff67425ac457d7c8c98d5ab62535762ade7c,Francesco Chicchiriccò,2022-11-22
43cdad3b52ff54f146b75a29be0d2421b4caa33f,Francesco Chicchiriccò,2022-11-22
587d3004746f761c18616d3f01f71cdd3186ce23,GitHub,2022-11-23
0f60ad6365410119920057c2b96ac9486f3c0483,Francesco Chicchiriccò,2022-11-23
04ddfc02cecc8a5d95768d477642a61ca77db0ce,Francesco Chicchiriccò,2022-11-24
0a5e4ffd1bc556a50f41ff671a262729975b7d65,Francesco Chicchiriccò,2022-11-24
252e81429a979daf537fd5c84db58ba4c1859dfd,Francesco Chicchiriccò,2022-11-25
f9e4c8da6ba71d316b780dec9a285deaffc85b5e,GitHub,2022-11-29
12bbc5ffb755589d2bf11ac9ffd174b56d712a3b,Francesco Chicchiriccò,2022-11-29
c00a6285cf02f842b4d11065af67757cb8e123f2,GitHub,2022-12-01
992b453e75269a21e4ca3880ca80278cdcd8c39e,Francesco Chicchiriccò,2022-12-05
a45ac07bbed89467178d7bf2fd7c4edbe175f0b1,Francesco Chicchiriccò,2022-12-05
b58b43f9e71822d94f64e1e9834a6dc0fd4e5fb3,Francesco Chicchiriccò,2022-12-09
c86ec83df9b7173640997a5eaa883d982f99ba39,Francesco Chicchiriccò,2022-12-09
2f4882cf8d7e36e4307d9339bc747f7ca349002d,Francesco Chicchiriccò,2022-12-09
9e817338a875a56633650f641ef9014d2f3a5bc6,Francesco Chicchiriccò,2022-12-09
af9be46806391e17bb999f7472a97f9ba539e983,Francesco Chicchiriccò,2022-12-13
9f3c1ee5fecb2bf592302c32376454159a9c1db7,Francesco Chicchiriccò,2022-12-13
0bc3ee08eca1217f546a2d00ab949e6840ec1071,Francesco Chicchiriccò,2022-12-16
7ad9a72d58d536cc6413a95a0e6eb335c7c0626a,Francesco Chicchiriccò,2022-12-17
30d703fa9a808c6035e9342352a9486199058060,Francesco Chicchiriccò,2022-12-19
24f97bfc613081f269d3ea74df86468e1d90209c,Francesco Chicchiriccò,2022-12-20
7d03c100a3cc5c03b02385fba2bf55d1577ea788,Francesco Chicchiriccò,2022-12-22
a3efcf3ab454f0c75102944e09f873fd4753878d,Francesco Chicchiriccò,2022-12-23
2ccbf857a8009c41fd8344b98f002282e1bb8b6e,GitHub,2022-12-24
1151ebc65544ad3b0ea178de4d75d955bc86211f,Francesco Chicchiriccò,2022-12-26
4b90e387b66468fe2c4c686a95437c6fc0a87db0,Francesco Chicchiriccò,2022-12-26
d3d95746b4ce73d1f696667a88378aa5fff606f0,Francesco Chicchiriccò,2022-12-26
2214493378998290abc426274e96eb34579fb80f,Francesco Chicchiriccò,2022-12-26
75099d48725fc21c225bc640392f675c4edb2f0c,Francesco Chicchiriccò,2023-01-02
1ef7cbf03c7bb36b88596058f1056f0e264e1db0,Francesco Chicchiriccò,2023-01-02
57499d370cbcda40eedc58fa597d251f0d5efc81,Francesco Chicchiriccò,2023-01-03
259c3c83d1ecc804b7fd2bc4a4587eb68288841f,Francesco Chicchiriccò,2023-01-04
39d5371b37884e910e5a14653076be9aed597f61,Francesco Chicchiriccò,2023-01-10
b263f5f10454712eef8ec326aa6227e0ae33cf25,Francesco Chicchiriccò,2023-01-10
53ee23865d4f3a88c966796a33b1bcfe80074096,Francesco Chicchiriccò,2023-01-10
331b27f6a98b767737affabcbe45142d9c1bda6c,Francesco Chicchiriccò,2023-01-11
9389e937390ecc37edb25772c1605cf403390dd4,Francesco Chicchiriccò,2023-01-11
27f6adcf41eedbde4fb4551e275f215f56ed58f1,Francesco Chicchiriccò,2023-01-12
7d736f1ad92d3f508e86e2caa8a0eb845c7f07e6,GitHub,2023-01-12
3a5347edfed40a22814c189199364ea4444485fb,Francesco Chicchiriccò,2023-01-13
9e067ef527d7ff0f0fc256cca94d24eef44366cc,Francesco Chicchiriccò,2023-01-13
192d8e237d158ba1ea096207c1d27c96cd082945,Francesco Chicchiriccò,2023-01-13
0c64d0d259c9d9faa2bc1ca934d7aae2cfb01d2d,Francesco Chicchiriccò,2023-01-16
63d9cbb8e56539f924db3f4e4565dd27a55b8480,Francesco Chicchiriccò,2023-01-17
ff5bb2f0027919a51df65ed2f288cf30a87de682,Francesco Chicchiriccò,2023-01-19
d24ea662a505f929719fe1204614913df7b07bcb,Francesco Chicchiriccò,2023-01-19
48d656757a55f2bc9283f1dfe7dadc1fcd2585ff,Francesco Chicchiriccò,2023-01-19
78cda18dfa1de03f1b3110b76fb819d03af709d3,GitHub,2023-01-19
ad267b817744d0f46db40a7176644f5391174e01,Francesco Chicchiriccò,2023-01-20
d254cc688b244fdd2e169b66558c58dbbb86ed5f,Francesco Chicchiriccò,2023-01-23
086617475c46a089043c763122d2e0b49fb72821,Francesco Chicchiriccò,2023-01-23
fbd79f7b7f34f632e99407a6b6c59c776fa68380,Francesco Chicchiriccò,2023-01-23
7388f21987e3cc6ade291691a2ced6e6fa292cd4,GitHub,2023-01-24
eaad1f0f2a3a38bef705f917bd0014f758f701f7,Francesco Chicchiriccò,2023-01-25
0026b41a6bdee26479426ebe1192df4bfd98c8c2,Francesco Chicchiriccò,2023-01-27
55c86c4bbe8f1a2739712a8bb17fe8a2c99c267e,Francesco Chicchiriccò,2023-01-27
185c9ff05f3cb5ae4a92e77991ac6a322baf404a,Francesco Chicchiriccò,2023-01-27
51cf43262f79775228a439ae336c04598269af04,Francesco Chicchiriccò,2023-02-01
b95019fb50afab19f75d1d489bd67abbf4204700,Francesco Chicchiriccò,2023-02-01
8803086c39a58ea7372b82412c3009d0058465a6,Francesco Chicchiriccò,2023-02-01
1d482c225506ab3d348ec575c12038cfb2236df7,Francesco Chicchiriccò,2023-02-02
f2fa9d243b99f798bfd02ca87fc93e4f7627fc32,Francesco Chicchiriccò,2023-02-04
6df7ac2c1768075c3f9b2e5d54f0454fa87e64eb,Francesco Chicchiriccò,2023-02-07
ea127c38a661535a2fe46311c4880cf6d283b1b6,Francesco Chicchiriccò,2023-02-07
6c6617c122c5270f457d42acd851feb8ceb1d5b1,Francesco Chicchiriccò,2023-02-07
df31e27ba5b6eae868568594f508db1e6c283246,Francesco Chicchiriccò,2023-02-08
e184d9e4ed52a1d5547f197b255af00b03d33d7c,Francesco Chicchiriccò,2023-02-08
99d07140c9122a64e69c1173b44a1aa2511b2a68,Francesco Chicchiriccò,2023-02-09
3c72144ffb89e2fb45dcd490a27ee03e0a720528,Francesco Chicchiriccò,2023-02-10
df5ceff0dce8bc03831e9d967e27564e63c04545,Francesco Chicchiriccò,2023-02-13
0f3b83cde33f7aa151322f7ce71fdb623bce6e61,Francesco Chicchiriccò,2023-02-14
625ac1079a3b2fe2f59aa89f2e18af8bfd3dfdb2,Francesco Chicchiriccò,2023-02-15
9d9c0f372c6839cfceaeac77e7903b42c6fab402,Francesco Chicchiriccò,2023-02-16
8e575f6f37a0bcc62dce547c69fe55913798d2b5,Francesco Chicchiriccò,2023-02-17
634b3c3c17e2ae01fd33079b39f6e4716702949c,Francesco Chicchiriccò,2023-02-20
51c03eb3926e2ef5b2a4f795a72b688111f02ade,Francesco Chicchiriccò,2023-02-20
0007f555c1b2843b203094587b11d89cb0713421,Francesco Chicchiriccò,2023-02-21
4ee601c0f691fba354961fe806c88fa0bf413cb5,Francesco Chicchiriccò,2023-02-21
34a9c8c0ef8efa1f4fe28625afca3600d95a9557,Andrea Patricelli,2023-02-23
57dcda6b4d9293404dac413eb8eff8c6c736139a,Francesco Chicchiriccò,2023-02-23
60d33e9c1b655d9d59da3f3bf4bdcfb4dba6d7cc,Francesco Chicchiriccò,2023-02-24
e9be8d2f001aaab2d04fcde2e819a4b17c21cfaf,Francesco Chicchiriccò,2023-02-24
b2c4d7a27c474d0ddb1fa4b8d1449338be872e04,Francesco Chicchiriccò,2023-02-24
df0818aa20e1ac821dd04db0d63348b439a9f5da,Francesco Chicchiriccò,2023-02-24
45b7ca129493efc99b0db6be614b0f9e38510e38,Francesco Chicchiriccò,2023-02-24
aa207f24d848b504783be5a1ead8aecc3eae34ed,Francesco Chicchiriccò,2023-02-24
1ece2b2c55db31e84098065ded1e2a8f7b31e97e,Francesco Chicchiriccò,2023-02-24
b591939cf1dd1764cb98fb6bb788cb376d2b5d0e,Marco Di Sabatino Di Diodoro,2023-02-24
2de898e9836b247d0517fd527c1b7c72e400507c,Francesco Chicchiriccò,2023-02-24
80593da82898c1e798f69029a8c313ef0dac685f,Francesco Chicchiriccò,2023-03-04
b506bcde1f2744aaa8f44886c878d6805759b108,Francesco Chicchiriccò,2023-03-04
fda2d388bfda2b82df13ea3d5376702d212a1b9b,Francesco Chicchiriccò,2023-03-04
576f0476bdfdc2986f90746769af445cab2a5a28,Francesco Chicchiriccò,2023-03-04
ea51a6a8b7206822edf3fd3b42db8b68d736439d,Francesco Chicchiriccò,2023-03-04
9e7214e7f3f9fd020ab6c82e21456bbcaffa7e2c,Francesco Chicchiriccò,2023-03-04
3e1619216e447ed8b3411f41f00bc7e670214959,Francesco Chicchiriccò,2023-03-04
ce8fa6bf798c49146c367c0276ace4097e205838,Francesco Chicchiriccò,2023-03-04
b83ae97f697f0eb82d77ad55ba21d5136d3a1b78,Francesco Chicchiriccò,2023-03-06
b29288dff9af5f60162604029695c6114f1523de,Francesco Chicchiriccò,2023-03-07
c5dbc6e9e1a2b23a5c582fefa552ed7a988eb125,Francesco Chicchiriccò,2023-03-08
9db04e830733c2e08ff1d158d9bcad8323119249,Francesco Chicchiriccò,2023-03-09
0e10b62248dedc304952c605fee50b942527879d,Francesco Chicchiriccò,2023-03-09
1d3ab4df1164443d46b2fed84864ec20b27c9c41,Francesco Chicchiriccò,2023-03-11
8fc51691bd6daca9d2b9c9ac72adc30d32fdcf9d,Francesco Chicchiriccò,2023-03-11
12a882465a8cc3398a1cf17c620dc6c55991362c,Francesco Chicchiriccò,2023-03-13
58889e095d646416fc6750cddcbbc69c5871f04e,Francesco Chicchiriccò,2023-03-13
3693f749ecc2774d8937fbccb078d1d0f21410a1,Francesco Chicchiriccò,2023-03-13
72de6dcc8992e8f03c44334c3ab8282c63c19f2d,Francesco Chicchiriccò,2023-03-13
3106f99013a684867f64a59544e5c21f91811aca,Francesco Chicchiriccò,2023-03-14
7bb3e38f11a22d09e0e3d3f30939068ddbefef06,Francesco Chicchiriccò,2023-03-15
f23abe8648efc30c21df752cf1a184747d96e64a,Francesco Chicchiriccò,2023-03-16
c85df69fa0b7dbec2c8601f24e75801be16b4afd,Francesco Chicchiriccò,2023-03-16
72ab59ebcf8edb0e2e595692c1e4b1df8f697d8e,Francesco Chicchiriccò,2023-03-16
862a0067e057c38508a95376811f503db9f94f18,Francesco Chicchiriccò,2023-03-17
4b95adcb6402bc6d5f52c4e7cd019b4656dd06b3,Francesco Chicchiriccò,2023-03-17
767bdf5074b70b07ee086981925ef285b150afce,Francesco Chicchiriccò,2023-03-20
542636390a6aed248b008277b26eae683eb4538b,Francesco Chicchiriccò,2023-03-20
d3f7b5d10be9757d6dcb6ff7ed36b091a3946c08,Francesco Chicchiriccò,2023-03-27
9bb3895469c8c9bb478b0e0f190d36c9eb1bac0d,Francesco Chicchiriccò,2023-03-27
37db31c5ef93a212c623cfc40af74ea882006479,Francesco Chicchiriccò,2023-03-27
bdcb360bf8f2e6ef9a40ca13998a4d4f03d9efee,Francesco Chicchiriccò,2023-03-27
33d20820c6b53326e1b7ae8e283e804e83f8e7a1,Francesco Chicchiriccò,2023-03-27
29dcd13b7dec3448abbdb1f936be83be83d15063,Francesco Chicchiriccò,2023-03-27
4d153110726ec3e06ef262f96fd86843690aed9d,Francesco Chicchiriccò,2023-03-27
bee17cdcc506174a8d554317741ce4e4d54d0aab,Francesco Chicchiriccò,2023-03-27
ff16ff63e74eb8878da92e9cc219d59e6f28c3bc,Francesco Chicchiriccò,2023-03-27
46da3261a6004456b4cd239cdc9622f94183aab0,Francesco Chicchiriccò,2023-03-27
71e1ae796eaa89db9b32b3744b2f184eb5be6ed1,Francesco Chicchiriccò,2023-03-28
58d1facdcd80b329586007c889fc5b227cc150ea,Francesco Chicchiriccò,2023-03-30
8c4d577fc1595c2d130193bc112ab80d673d8d9f,Francesco Chicchiriccò,2023-03-30
4107331cd354a67f873b7c1769478716af0c0593,Francesco Chicchiriccò,2023-03-31
48e48846ed8d308c13874e9dc7624c376e9d214a,Francesco Chicchiriccò,2023-03-31
e19789fb8da2ab36ebbcbe18c4bf3e94d8d179ad,Francesco Chicchiriccò,2023-03-31
c65cbde960768ca370a6757d423ccb2c013b4704,Francesco Chicchiriccò,2023-03-31
e01d9a12851bd51750383663345c8ff1e336683e,GitHub,2023-04-04
063a82bf63d31c11f005509dc29f06b9a92b8ce8,Francesco Chicchiriccò,2023-04-04
4e1d54a708129ff1b67fb65062cd382003afa486,Francesco Chicchiriccò,2023-04-04
f4db8eada2aa5c3d689611d0f1885696663ef8a1,Francesco Chicchiriccò,2023-04-04
deed150b1d7c6c826f62b28964ba39b4dffd6cda,Francesco Chicchiriccò,2023-04-04
a280b853bed02ee6b682df03502261a416deb2f2,Francesco Chicchiriccò,2023-04-04
b88f8eab3aa7ef2f9de2fb613ac0b4e2f752b5cb,Francesco Chicchiriccò,2023-04-04
0b62f3ca0e9c72f4178b3567f3be2b30072547d8,Francesco Chicchiriccò,2023-04-07
0f5a1edabe583b6160fe63e3f3811bd8a4ab7e09,GitHub,2023-04-12
e66f38b91c838038e6c8efa0e4b0046de5609c2e,Francesco Chicchiriccò,2023-04-12
22ac6a587f0546410ca95a045e5bc4892410374e,Francesco Chicchiriccò,2023-04-12
4d32d6e92ef959f11ba0076e1a15db40edbd61c5,Andrea Patricelli,2023-04-14
11a1cc6bca4d573d5257cc46a84f1a876a6fec45,Francesco Chicchiriccò,2023-04-15
c011c0998bf1302f60fffdeae539f3c5e0b2880a,Francesco Chicchiriccò,2023-04-18
3be90d61a89842e6991f63d0f96c2f3421a126bf,Francesco Chicchiriccò,2023-04-18
7583deb8afd6be0d668e536188b37b5ee898dac3,Francesco Chicchiriccò,2023-04-19
e78475815c3ed2c66a796496e654031ab2cd86bb,Francesco Chicchiriccò,2023-04-19
f0fda5cd1d025bed2b9c2643462f14255fb355c2,Francesco Chicchiriccò,2023-04-21
ce82f03c5c1860d438604715290b89f045eb1c44,Francesco Chicchiriccò,2023-04-21
253635444abb68da417239da96bad132fa49cc0b,Francesco Chicchiriccò,2023-04-21
ef2af0ef4405d25fde967beaf4f68231ccff77ce,Francesco Chicchiriccò,2023-04-21
849e7eb70fce8c796d2929b0f67d62bc2cc820ac,Francesco Chicchiriccò,2023-04-21
e2f94d33419be1a093782866f6ea6d4a56713493,Francesco Chicchiriccò,2023-04-21
9b01bc8241168fe6e28298b9970859e48dbc4809,Francesco Chicchiriccò,2023-04-21
80be8e07f4f91516c6d4b5b7e8c8c7067fb81723,Francesco Chicchiriccò,2023-04-21
eecbef8caf3673bf5e31d8592405c54af2317d6e,Francesco Chicchiriccò,2023-04-21
ff7aeb5a6c942c1ced41b3099d3dc490824990a2,Francesco Chicchiriccò,2023-04-21
95108aaa8c89c4bb27977d01426ec4f513c1bf4d,Francesco Chicchiriccò,2023-04-24
785a9263d1d67b0945084aba4ffb3da167d09dc9,Francesco Chicchiriccò,2023-04-24
72009a9359bbfb8fc75f244d2bc4a1a9040b3888,Francesco Chicchiriccò,2023-04-24
d2b98e4a012ee42a39d4aa5372a930f4f21a5de1,Francesco Chicchiriccò,2023-04-24
3aa5ceb33c7909acae5191f80c975c1768f445fb,GitHub,2023-04-24
69a36677eac29a553e992717a827430888a800a2,Francesco Chicchiriccò,2023-04-26
40ceab8b1abab5783650823c238cf636750ece46,Francesco Chicchiriccò,2023-04-26
bc4c358d786f60617eefc815f66af488e2e08397,Francesco Chicchiriccò,2023-04-26
1205f55d5eab2486877177aeb0352547086577f5,Francesco Chicchiriccò,2023-04-28
7e5520639a6e6fa8d9b41db6909ef1e3a31e8210,Francesco Chicchiriccò,2023-04-28
c7b99bf9b78182c724341636dd7e534a024e8bc7,GitHub,2023-05-01
f5d4d1764fe05823d7576667ea2230ca3ca6ff88,GitHub,2023-05-01
18e3d018be03e2a7bfaaf6cab50b0a75e890d39b,GitHub,2023-05-01
fe2b91288ee883ef6a64a076fb7aff4885d420ee,Francesco Chicchiriccò,2023-05-01
99c5e2532ddc25f2c034c0ad158ec75fe5a003fc,GitHub,2023-05-02
ccc84190e8e14a64cfdf3713c3bfa4e1c7557821,Francesco Chicchiriccò,2023-05-02
db9158af51615f2fd362cd7292d86c19840f5f54,Francesco Chicchiriccò,2023-05-02
6f459ae6b90095617142572f7d66cadc4511dc62,Francesco Chicchiriccò,2023-05-04
28e2317260e0e24cddbdd13e7e10c431757bec70,GitHub,2023-05-05
c9f7a86ff4ec22d9a59e4712f6b1be10f1086aa1,Francesco Chicchiriccò,2023-05-05
00da39119e6d14a8b29984c2a9b033b5599765f1,Francesco Chicchiriccò,2023-05-08
75da26743a88e34d813399304aba5ef9223670d8,fabio,2023-05-08
17143ca75fac55d1d95c0397a467d98dbade4edc,Francesco Chicchiriccò,2023-05-09
2ed84fc838a33d542d5186362d3e033b52f6f7bb,Francesco Chicchiriccò,2023-05-09
cb0ff76185c8c3fefad9769a5c9c883a66b041b7,Francesco Chicchiriccò,2023-05-10
ccfc6ab6dfa7ae41dd9a105368219ec990d6f66c,Francesco Chicchiriccò,2023-05-15
c89cee65fb78d55d84254af870d7ef64751b9ec2,Francesco Chicchiriccò,2023-05-15
963cc71b28b4a3474ec8584492fb0e69be6302d7,Francesco Chicchiriccò,2023-05-17
18612d8a2aa642a65c9a01f715e5c53434b6ba78,Francesco Chicchiriccò,2023-05-19
cea9a9d4a48a3fbd5d918187e1b29d0b798ab02a,Francesco Chicchiriccò,2023-05-19
db039f48f509b4bbb75fd4f396c07916903b8949,Francesco Chicchiriccò,2023-05-19
3ee64d6ba32574a084d01dc0e679743739a9e127,Francesco Chicchiriccò,2023-05-19
cd4d53f8329e4ca4f291b13fab54133977b27b78,Francesco Chicchiriccò,2023-05-22
84970ba61569323c844504b9bf34697de844f983,Francesco Chicchiriccò,2023-05-22
5fdcae8a7159bdc3745812bb068c2e97fe3a1403,Francesco Chicchiriccò,2023-05-23
2638347650f7ea568a6038eea88385fd5b384bf7,Francesco Chicchiriccò,2023-05-23
bf497c47f2fcf17e9157ba1c827ec9121354ec8c,Francesco Chicchiriccò,2023-05-23
990037ad872bc6f756827b3022d455e3cac8e420,Francesco Chicchiriccò,2023-05-24
e076c5cec116e9ec787fe572cbaf9b175aa34d88,fabio,2023-05-26
915c2544fccf6a2a58a58336af13d159ba8d3a40,GitHub,2023-05-26
a83ee34610c0a399440bb2d7d3351fc62acb2eb0,Francesco Chicchiriccò,2023-05-29
ffbaf3c802df9675326b4eb59aef9cab72e56166,Francesco Chicchiriccò,2023-05-29
9747fdc5d3bc049d84e59f3f9c5f963ae1dba5e9,GitHub,2023-05-30
99631a32ed0a2496c065c5ee93efe15e1d18cd60,Francesco Chicchiriccò,2023-05-31
8dcd17128f3429748e29b38ba90c264c69392ec7,Francesco Chicchiriccò,2023-05-31
233ea4265f052d497c1dc12096284f102867d8ad,Francesco Chicchiriccò,2023-05-31
429384ed0ac634dfbf63de4e9c80c0296e157463,Francesco Chicchiriccò,2023-06-01
2284e9a13863d978204324055144b32d81150739,GitHub,2023-06-08
7fda61d17d53d1b034944c541d907251081f8c60,Francesco Chicchiriccò,2023-06-08
79b285a0e142eac60a91485fc0bad501e68971b4,Francesco Chicchiriccò,2023-06-08
910436052d536a245831c65d93395ef76ceb391d,Francesco Chicchiriccò,2023-06-09
ea357c7819f5d952869cb252a01b3322259c4a09,Francesco Chicchiriccò,2023-06-09
f5325d1980821a68463e06c43d6046e270ed365c,Francesco Chicchiriccò,2023-06-12
adefb2486df768a66b85543ca83699f87305c8f5,Francesco Chicchiriccò,2023-06-13
c1a358c2d69ab20fbdcbd91ff0e6ef39ddd1fe65,Francesco Chicchiriccò,2023-06-13
9944fa1182282beab87428807df2a0ffa4a97f75,Francesco Chicchiriccò,2023-06-13
5aa5bf6a9f85173d6af3f3a2d3e0cddb3c09ab91,Francesco Chicchiriccò,2023-06-14
6abf7e0abf264be11fbc6a8fa1917ced979f2fa8,Francesco Chicchiriccò,2023-06-16
7e76aa8144252f04056df5dfcdbc0fc46dbec01e,Francesco Chicchiriccò,2023-06-16
246ccc72111719d8afd7dc512f97aa1260862183,Francesco Chicchiriccò,2023-06-16
3e297795b0c86f144a326cc7fb5468f2ebcc55ec,Francesco Chicchiriccò,2023-06-19
32437e85eb955d9b8847b31f4b16d094f347df9b,GitHub,2023-06-19
9110a728e5ba1a5ecc897f1cf0afcd4ce713cfb2,Francesco Chicchiriccò,2023-06-19
dcf36f64e51d96ebcd35fc2b5283a694f7b6e7c3,Francesco Chicchiriccò,2023-06-20
302691df7f263fa2ea1a7830a1f187c0e6405fcf,Francesco Chicchiriccò,2023-06-22
5e3c844f1fdbbdc34695f466b09a9bdad38c960b,Francesco Chicchiriccò,2023-06-22
9cf1103ba1cbe08d30af692adcf0cbfe66111c69,Francesco Chicchiriccò,2023-06-22
1797e5080fddd30f4cfeae02ea2ee64f4f8819e4,Francesco Chicchiriccò,2023-06-22
03160704d84377f503de80f2ff2dd15228c48763,Francesco Chicchiriccò,2023-06-22
2b738fe97c9ad846d969c244c1f8a261d5e86d0c,Francesco Chicchiriccò,2023-06-22
6b717f9087b5b7bae98dee8af72dcaa7be000902,Francesco Chicchiriccò,2023-06-22
cbbe4504192ab16a32ff9c530b415aa4f9b47332,Francesco Chicchiriccò,2023-06-22
f17009391d871248d39283d9e3cdd9b647ed12b7,Francesco Chicchiriccò,2023-06-22
88f39fcf32483e9ee6958965da8861f070646dc6,Francesco Chicchiriccò,2023-06-23
2de9269f266d35e1514f2345ae3670adde80c7db,Francesco Chicchiriccò,2023-06-26
9f353bbf2f5eca71721addab82e1f74237712ec5,Francesco Chicchiriccò,2023-06-26
19272b8b73e9484e2dc680c946eec778ae1a53dd,Francesco Chicchiriccò,2023-06-27
7bbc7bccdb79a1baa02edbec56b44a3ac73c0dd6,Francesco Chicchiriccò,2023-06-28
b6482a7097354b75cd8b8512f664b2b94d31a436,Francesco Chicchiriccò,2023-06-28
436cc1eed10aa3823bee50dd1b2f147d628f490f,Francesco Chicchiriccò,2023-06-29
dd22499a48a1e147c5570aabf88e8385c36f30ea,Francesco Chicchiriccò,2023-06-29
c0f5a1444f09f04fec3a93fb8f576bc629c4d425,Francesco Chicchiriccò,2023-07-03
27c939a38ee7db3acc2ec6f8ac4af5f702568238,Francesco Chicchiriccò,2023-07-03
a3b547a19301183c70fdc70addc3a2bca9b6dee9,Francesco Chicchiriccò,2023-07-05
39dc5abc51a94c58996d1610cb2160d871f043cf,Francesco Chicchiriccò,2023-07-06
872e4b7ec6306a96811c28bec438abbd72636455,Francesco Chicchiriccò,2023-07-06
bf2950585492ff74fb0cf027e5d68abbffa07a34,Francesco Chicchiriccò,2023-07-07
0d6bc68d9ae877dca19f3baa4ab5172eec009230,Francesco Chicchiriccò,2023-07-07
a92cbccd380be409204778202aacecc755ddda99,Francesco Chicchiriccò,2023-07-10
858696f9d3f5fd4931cffe97efc202dd92fab30b,Francesco Chicchiriccò,2023-07-11
7a9533ae59213a2755fadbe1f73bcb9c9d1d5663,Francesco Chicchiriccò,2023-07-11
cbcae20f2db14192fdbc8b8afe303ccea6c6a8ec,Francesco Chicchiriccò,2023-07-11
e93d5f00014a61b096dd00e4a0712eb34b6a642f,Francesco Chicchiriccò,2023-07-21
c9fa43d41814ac103372d62d4afe7c9b8529a5b9,Francesco Chicchiriccò,2023-07-21
7bf092f8cc35b2895b29ff8027072778697ac7fe,Francesco Chicchiriccò,2023-07-21
7eecde01d4705e38cbb3b4cf39469f2322a15ad2,Francesco Chicchiriccò,2023-07-21
ecac83b478170ec34b9da93d5c14b70aef144b0b,Francesco Chicchiriccò,2023-07-21
74d847185d7afcffbf61fc2bdc4a2846f24c1468,Francesco Chicchiriccò,2023-07-21
4268571d172d3bb936cdfa79f93a70cd5d3df111,Francesco Chicchiriccò,2023-07-21
ef150c8ba31c1b34b5e5dae3597b5b5ee7c1ee7c,Francesco Chicchiriccò,2023-07-21
6463f67db633cc45aa819e8d01ec68b6ae0e7a39,GitHub,2023-07-28
6b7702ed2840dfb481611a38ebffb0f21500e1ce,GitHub,2023-08-01
c6d3dbad2833f8f355bbcc7e9f313437e2edab74,Francesco Chicchiriccò,2023-08-01
7d75c9f958f106b3efb665db896b8504f6792913,GitHub,2023-08-05
860076479a2685d1b345a189ce662684c76512c7,GitHub,2023-08-08
051c5658e79d268e15497315cb17739f8f33c13c,Francesco Chicchiriccò,2023-08-08
85c5325e82d9da54964f262e1e71e9b03d1063e6,Francesco Chicchiriccò,2023-08-09
0d4dd15eaf8fdfe190cf0099e9ae973380f4c74f,Francesco Chicchiriccò,2023-08-09
defa3455f3f438aba794be22ea3ce05ac67f80ac,Francesco Chicchiriccò,2023-08-14
7556e8810bd970b94101a948097af5ac8fbe4206,Francesco Chicchiriccò,2023-08-14
e1d608bdf69618e97f72a79f5352ad571eb29803,Francesco Chicchiriccò,2023-08-14
2e02a30e7f2d0104a990fd9fedabacdcc4bbf571,Francesco Chicchiriccò,2023-08-14
404eeb6e9787399baffd95f8b39d0313a266fa35,Francesco Chicchiriccò,2023-08-14
9a7b8cccddb151babaffebc03bd811abfeaa68ef,Francesco Chicchiriccò,2023-08-18
e93d32db4fab9b9e594457b1363f90d9bcc83bb8,Francesco Chicchiriccò,2023-08-18
38acae1d142b597deb6d75931b64e26802bb733b,GitHub,2023-08-21
44ea846a402eb68a7c4fce0295025904afbbe3a2,Francesco Chicchiriccò,2023-08-22
5d6e540dc51c9d226a53f281e7db0c38bf8b7c3f,GitHub,2023-08-22
f48a30f9fb33929e2d7287b4b98b4b7f0e002163,Francesco Chicchiriccò,2023-08-24
bbe5c3a0740a7389395fc399976f0668ab1f6af9,Francesco Chicchiriccò,2023-08-28
126dcc9369291b12f46e32efb2dc40c07ba81ef2,Francesco Chicchiriccò,2023-08-29
ec54d59f6a44701ff2383d5729b54a4a07917f06,Francesco Chicchiriccò,2023-08-29
b1b3ed0e23417df5a1d7d6de1ada5ccc385b0feb,Francesco Chicchiriccò,2023-08-31
05456fadc228b684d8d80f9398950f998a89376a,Francesco Chicchiriccò,2023-09-01
13f191eb49a56df5f2219a8e9d613e7556a0d9d4,Francesco Chicchiriccò,2023-09-01
4f16392088140194312b595f818ff8089c2f44b5,GitHub,2023-09-02
83be6fe4aa11faa478082043cf952cdd79b13edd,GitHub,2023-09-05
b9d1d4057ca9f2a62cb9979fc8475f40167e18fd,Francesco Chicchiriccò,2023-09-06
6d5007783a3ecc1f8805be3a133af9469fb69468,Francesco Chicchiriccò,2023-09-06
6a7b5973e0e428c00b34280733f963ddf1a44fda,Francesco Chicchiriccò,2023-09-06
76c8b15a2ff56e80a19f665e5fb8d0fc8a5f116c,Francesco Chicchiriccò,2023-09-06
dd1635cfee2f011291c2133a159b76b7462adc0a,Francesco Chicchiriccò,2023-09-07
c359564220b8fb407a4fe0d7d3195d72300a6003,GitHub,2023-09-12
a0f1e8c39fcf9c120c7bcee218ac1bb4c8cacabe,Francesco Chicchiriccò,2023-09-12
00b773709b485cbbec9effa6d56adaf8a87b1bd0,Francesco Chicchiriccò,2023-09-13
f84e6e55bb5d8f05041fed1f000dedceb0c81b00,GitHub,2023-09-15
a816d6205eb66bbf9100d61939d963ce7ec7ca54,Francesco Chicchiriccò,2023-09-15
4089e59e764fb668f645e330640e8eb251241d76,Francesco Chicchiriccò,2023-09-18
e6319abccbc7f5699ee42cd2023e9cfdc5e87e34,Francesco Chicchiriccò,2023-09-18
8786fffdc2b98ef92c10d317213290acfdeeb2e1,Francesco Chicchiriccò,2023-09-18
5e47509c02a071cdb29db7499d6bc30faf4752f4,Francesco Chicchiriccò,2023-09-19
5ac7a16e002e02dc3dae398ecd5aea03e5411904,GitHub,2023-09-22
ae735e7fa3b5ac2ed8eb7e6b539d50730f5e6486,Francesco Chicchiriccò,2023-09-23
194c07f5efa113f1c5144d7da95166ff5a7773bb,Francesco Chicchiriccò,2023-09-25
116da9e83c9d3c0569a3d3d2d4ecb59a9c1cde33,Francesco Chicchiriccò,2023-09-27
d42cb2443d02f25a0f747c6b8383fc01a4f0ab9e,Francesco Chicchiriccò,2023-09-28
0d19d33a9b418db4a7c8d65ee6172b453cbc5b9c,Francesco Chicchiriccò,2023-09-28
80316fcd19162bc91782e5e385ce35d89d3d72b9,Francesco Chicchiriccò,2023-09-29
16bf6eb0b0381ebab2aef21de2fa43b04fb6cf1a,Francesco Chicchiriccò,2023-10-03
b7b65d4cc2c219efe2824f8e8ccf7f838e9280ab,GitHub,2023-10-03
0a66e3aef6842ebebac6ef2f65d50fca5aaa03b5,GitHub,2023-10-05
2fd896972c37cd08702a0213f08028710c35da22,GitHub,2023-10-10
d55ef4804d4d42c330c63a646f2f0f23c9f361bb,Francesco Chicchiriccò,2023-10-11
d947df504b1c59b2f10881f5aa8f4d688bd71021,Francesco Chicchiriccò,2023-10-11
ea1397d545acef10432ee307a919af06dc520d31,Francesco Chicchiriccò,2023-10-11
0f250a2316c64c9f441574b50ef605ebbcb9d12f,Andrea Patricelli,2023-10-11
30ef4615fa33cd50c673073ee6e756e575e1e8a4,Francesco Chicchiriccò,2023-10-12
2ae489b17a471186203e0abf075076515f7376eb,GitHub,2023-10-12
53ff36a793762de56e714f1dae01fc60d59aafb6,Francesco Chicchiriccò,2023-10-13
00c583f4a02234476573acccaef604408daab873,Francesco Chicchiriccò,2023-10-13
8f5002e6bb4116efc16845d609681f18c8d236c2,Francesco Chicchiriccò,2023-10-16
c611356d6682e027c4d85365bbc013b3ec44e1f2,GitHub,2023-10-17
26827f738eeeaa0de001a3e369157f8820ddef04,Francesco Chicchiriccò,2023-10-17
7efbc670d0942f3cbd5d02b3495900ff0be9137e,Francesco Chicchiriccò,2023-10-17
86c9899c98d29c8034b749c5fb44cd3d7b09c304,Francesco Chicchiriccò,2023-10-17
e41103931f4db2993b55351a40172803a9b95b6a,Francesco Chicchiriccò,2023-10-17
ac5c983aba66d8cc48d8bb0c9ea78bda269e1c9a,Francesco Chicchiriccò,2023-10-17
513eb1eb24d375e9a688806fb011f3f16702e3e9,Francesco Chicchiriccò,2023-10-17
452fb4bc641ec17bc1fee89b5725c0fadd0ed0e0,GitHub,2023-10-17
5ad330a4f01c6726cc40ad989bafb393be1abc47,Francesco Chicchiriccò,2023-10-19
ca11d0c54c4449a2e62bd30ec83a549064ffb5b1,Francesco Chicchiriccò,2023-10-20
5adc917ae8403791a4322642c3e6b6ac0d5c195b,Francesco Chicchiriccò,2023-10-23
f6b382bf0f1fec19106c1e95fab7fc6071c7ab09,Francesco Chicchiriccò,2023-10-23
1310ced10d265d1d2927cd42fb4b553ad16f936f,Francesco Chicchiriccò,2023-10-23
dbea10b43d77fc4046a26c77be05aff00d178245,Francesco Chicchiriccò,2023-10-24
dc595c5bd698cf6b2887356f4dd11f0461975164,Francesco Chicchiriccò,2023-10-25
534c75c2f4b1b0be0708cc6216f3f79ca3120bc5,Francesco Chicchiriccò,2023-10-25
6e49fff57e68a45aa11b15ff39ceca49c952c854,Francesco Chicchiriccò,2023-10-26
a81058996ca1c424496b1be174914edb3b887eb1,GitHub,2023-10-26
0522b7176ad53edf9976ae4fa153d9d0de78b71f,Francesco Chicchiriccò,2023-10-28
4bd06f1d517a1883fa74eb6ce92076034693febe,Francesco Chicchiriccò,2023-10-28
6c5c5e5c5d8a8082acbfa9c944797eda5185968a,Francesco Chicchiriccò,2023-10-30
37fbbee87c02695ad908f1c1359d827d118b2cbd,Francesco Chicchiriccò,2023-10-30
4658390db774e9e6b618d6438e458233b1abb55d,Francesco Chicchiriccò,2023-10-30
85cd2ca37dc73c42f5c8ad127778396ef52671f8,GitHub,2023-11-01
3b68feac00bdfe16892156101033465efa7a52ce,GitHub,2023-11-01
deccce7b8dfcd96b095eda568f7afa10de82de62,GitHub,2023-11-02
6cf6ec62b41118a8fbb96448d1d657ad80353d7f,Francesco Chicchiriccò,2023-11-03
658ab675fb56c2c1d92b65ad1064e77e9695ac79,Francesco Chicchiriccò,2023-11-04
d90337845bf78cdc77558c8e66bf57b5a739596e,Francesco Chicchiriccò,2023-11-06
18150fe307e505e5f0fad2993c1e4fce5a8c982e,Francesco Chicchiriccò,2023-11-06
699d07413b38007e5fa6810c4216ceeb9f69310c,Francesco Chicchiriccò,2023-11-08
f6cad52345bc143bd8a13e5396f390f2c534b559,GitHub,2023-11-09
07696979490de95eec247c8e6cd191ed830551db,Francesco Chicchiriccò,2023-11-10
394385df5935c9fd84bd5779906b4027cc009527,GitHub,2023-11-14
b74619ea76f467a6fa75ce93645245a6d884f457,Francesco Chicchiriccò,2023-11-14
26bcadd979728c491d5e19a92ba4c69805737709,Francesco Chicchiriccò,2023-11-14
ca9de0401e00a1b90c6fb2c3fb14e5d4f0710787,Francesco Chicchiriccò,2023-11-15
8eb9360c86bfdac813577be460ed7d37285b6c8b,Francesco Chicchiriccò,2023-11-15
38dac05d8b1c46e4c1b63f268a35bff15c6b4871,GitHub,2023-11-15
f7b7aab4fe6a88f3d284323b066eebb6f3fd94b8,GitHub,2023-11-16
71dbf4bb5045bb82f4c71fea337cafba860adf61,Francesco Chicchiriccò,2023-11-16
5b88c707755712af0039832bb36e10c24b9158f3,Francesco Chicchiriccò,2023-11-17
236cf8c12386bef51c754cadf6aedd23d9ac427b,Francesco Chicchiriccò,2023-11-18
e60c9e09f8b754bb36123d39bb77257f67d456a3,Francesco Chicchiriccò,2023-11-18
45e9ca455850d6af92a29423283ee2db90a21965,Francesco Chicchiriccò,2023-11-20
15f69b9e2287daab37ef0c136af0cd8326410bb0,Francesco Chicchiriccò,2023-11-21
7794cab48e6f05eabcb811f554b715d879c48dbd,Francesco Chicchiriccò,2023-11-21
e92a1c02ded15f539bca13ea1bd1669c0a1ed003,Francesco Chicchiriccò,2023-11-22
ccf5f2d62904bc7b210673eaea518abf5591aa0c,GitHub,2023-11-24
59a57d6bc9839fe8161e4bb3b58e0d7d7036a8b6,Francesco Chicchiriccò,2023-11-27
fe43273f75e3da9d0eeec9726bb8da781293cb68,Francesco Chicchiriccò,2023-11-27
4eb29a8ebdc506ddaaaf61eb8f159791fb34c3f2,Francesco Chicchiriccò,2023-11-27
3b61ce8eedbc50e01cbc27ee05a352ea3c9e269c,GitHub,2023-11-29
569eaa50cc10ec94574175d37fe2920ef50772c4,Francesco Chicchiriccò,2023-11-30
ab1b70f077631fe199c396588a3b73c1526cb1ad,Francesco Chicchiriccò,2023-12-01
829b3957be32748b3a6a0ebddcbfa0306ac59c59,Francesco Chicchiriccò,2023-12-04
a0d2ddac4df8ea40948d07432fdad5739d648fc7,Francesco Chicchiriccò,2023-12-04
2d2e5eda3c488d5cb1cb2245c1c34726474b3212,Francesco Chicchiriccò,2023-12-05
649df46d23c896dfa23cbd8f67eac6b34a64aa6d,Francesco Chicchiriccò,2023-12-05
ec6e71b55d6dd19ad13fb035cbde535254409da9,Francesco Chicchiriccò,2023-12-06
b9ab0ca5d4b2cc6f30dad0f5d26ede68e7d4ea8c,GitHub,2023-12-07
f953f89bfca067484caed39bf367286ef8214d9d,Francesco Chicchiriccò,2023-12-07
27709810be1088255f503b62c781b9639043dd8e,Francesco Chicchiriccò,2023-12-08
6a6094dd869b3844f16809440e30075d66286363,GitHub,2023-12-09
c8abd0565eb52697fc1021ac0c20dda7ccf1eec4,Francesco Chicchiriccò,2023-12-09
920f51d5ecfa5b358f9fca91218d5ab5d5e00bfc,GitHub,2023-12-10
6e9d930d18cf8aca3f2934c706c5767ad3f2a050,Francesco Chicchiriccò,2023-12-12
4dffb0ef9eb517fc2e3ed06f23a71b81c8932c98,Francesco Chicchiriccò,2023-12-13
dcc60256346bc53e6e87d45ab1d8ade882eb64d3,Francesco Chicchiriccò,2023-12-13
8759e41d490977f09a969519319a2cf17a6eb922,GitHub,2023-12-14
787908e9e3dc0c88f3591ecf2e125b2eb86e5f9e,GitHub,2023-12-14
83f704b9de3f7495132c90af0d442f384bd6f12d,Francesco Chicchiriccò,2023-12-14
760e60b13a5d522156ed2156bfc0b8bb4fc5e307,Francesco Chicchiriccò,2023-12-14
4627d3ea7d62001e2b2deebc6dcf9738152be334,Francesco Chicchiriccò,2023-12-14
fd4682ed4e3a3b64281539c6ef34353fb0a984d0,Francesco Chicchiriccò,2023-12-15
da859b811f117f198e3e526ad92d0859ecaf59ba,Francesco Chicchiriccò,2023-12-19
8d1daefcfbd2103a498bc328cd8d2f1fe2d10808,Francesco Chicchiriccò,2023-12-19
e9c8bad44a9c2275cff0850a0b168c542d9a51e6,Francesco Chicchiriccò,2023-12-19
95150b2b9c5db5c34ce933cb0419e47850946409,GitHub,2023-12-20
2f58da1de426aa557f7877877191f167a8b07b0a,Francesco Chicchiriccò,2023-12-20
2f0a0ae761e8c6a0e17aa64cbf582b85a0efb477,Francesco Chicchiriccò,2023-12-20
bcbfac0e8827bc7351179e6cb3eea6b3ac3c70c9,GitHub,2023-12-21
eec00f818d9121e66f6ecf22f0ef94faeae3c0cb,Francesco Chicchiriccò,2023-12-21
ca67c8a8755477001691a01cfb8396743fc5e5a8,Francesco Chicchiriccò,2023-12-21
da15d32f1f362194261ed6f3ce736ea30a4dc834,Francesco Chicchiriccò,2023-12-22
795c83abf44eab4b5b21a4485df232844a1d11ba,Francesco Chicchiriccò,2023-12-22
7f10fc8a84e24127bc3591a9dcf30fa8da3ac55f,Francesco Chicchiriccò,2023-12-22
e730dc863624e685ab0825f39fc127190f2f90de,GitHub,2023-12-23
a035cf27a919190fddb649166c8ddc2fa72474a9,GitHub,2023-12-26
66359bdf29deced4bf1518f084f82aa0079f8767,Francesco Chicchiriccò,2023-12-27
6c2f457e72f8a440e95efc9e0995929567249ce4,Francesco Chicchiriccò,2023-12-27
e9923be1b54956b1aa0375ec8e59b4313eaa12d4,GitHub,2023-12-30
815b3609b2b69a3ec4775764ff293ed6146a104e,GitHub,2023-12-30
33c0fe2437c98f3a8449125bc6a97e3aed00b175,GitHub,2023-12-30
39eebda07a12013c97d1089fd723d10b5c195bd0,GitHub,2024-01-04
1a6373600ae80239058fb1b673679720dd4bcf6a,Francesco Chicchiriccò,2024-01-04
b91cbdba39933c160903209816cd0aa10c89ab58,GitHub,2024-01-09
d13009cf9bf885fa346307a8470cc0fd2912e97a,GitHub,2024-01-09
afb666dfa13185f966ecceab2e5584dc62a4f4fa,Francesco Chicchiriccò,2024-01-10
2032376325a405b966cef5753905df971cbc0f5f,Francesco Chicchiriccò,2024-01-10
1ff564c517dc358e8e3a6d0028e9a0fa19980f6c,Francesco Chicchiriccò,2024-01-10
bd8314ead17936c8d8bfa12b7661d489ca209ca3,Francesco Chicchiriccò,2024-01-11
6d60e79a7a8c54991c330524ee1486a993049169,GitHub,2024-01-13
fd3f99724edb0ff99bfd143b9afef26526826a9c,Andrea Patricelli,2024-01-16
f67196e24f4fbc7b38fd4fbe807abe374c8acd01,Francesco Chicchiriccò,2024-01-16
405d724b4c4858d29fd46c3ce71c252228a73660,Francesco Chicchiriccò,2024-01-17
047ee65c73ccf263c4512e3cf89e4315b0b80476,GitHub,2024-01-17
682d7d117cc88a7afd8a5a9f7980fda947de180e,GitHub,2024-01-19
4a9cfb1bf3185ee19bc32ca166639dfb6020704a,Francesco Chicchiriccò,2024-01-20
df71f65ee9d767d33f33f652c7fcdc7064bbf1f2,GitHub,2024-01-23
b1eadcfecd349d391ac59d0a1a266b7e78c78729,GitHub,2024-01-25
a2380644bb4b21871caf951e4f5f0e3fdcae7551,Francesco Chicchiriccò,2024-01-25
698f5af91c9702fb5ae7d917d2658507893967c0,GitHub,2024-01-30
1893ee3b2293a4038ef5afb29a1a085c3362da0a,GitHub,2024-02-02
b9d32dfcb5db5e41e7199c519cd2ba53cd17f916,GitHub,2024-02-03
caeb361d44e3597590ebe50e7cc49b0b8622e773,fabio,2024-02-05
193f0dac806311f8a46fd14e81c046f3a7cbc5df,GitHub,2024-02-06
1bdb2c12868164bf6434646cc489fc224be1ee85,Francesco Chicchiriccò,2024-02-06
b02fcb5e0fdcdb4db39fcf30d9aaa98f90c12f2c,Francesco Chicchiriccò,2024-02-06
7ef3e24ff79963b903a4c335c5176c296ca956d7,GitHub,2024-02-08
a9cbc0d718f4eaff89fecb4bbc8ed11eb2d68fe1,GitHub,2024-02-10
0b165d6949cd330644998daff2c77045285c95bf,GitHub,2024-02-10
50fd41689667bc992921e4f16f37e56e4ae0f4dc,Francesco Chicchiriccò,2024-02-13
9eb7640f7ddb12fc581cdd0f692291417b9308f0,GitHub,2024-02-15
579808cc0dd14a44328c0a09db451308e060f57c,GitHub,2024-02-15
35c1fddc2b1148bb5a47ea98cc6464e90735a110,Francesco Chicchiriccò,2024-02-19
df729ffd2c46001de81e8d0de9113b427bdf7e3a,sgarofalo,2024-02-19
eabf4060ebfa8b5a8451de91ce853cd72aa22ae8,Francesco Chicchiriccò,2024-02-21
9e20ec5229a0156dcf78ba2d508ec53ab869cbfd,Francesco Chicchiriccò,2024-02-21
4465b0e3caa40253dd0d0c5ce75107ca09e8d98e,Francesco Chicchiriccò,2024-02-22
c9072b63ebf9cffeace39a70912f0e496d862f0c,GitHub,2024-02-23
98a65aa916345d98a40a2061f63867ec99763611,Francesco Chicchiriccò,2024-02-26
d2db85dc543261f337f65cc74388e048d41ea713,Francesco Chicchiriccò,2024-02-26
3710ebda667b05bbdacd1b4edf1a5bf84f5043ce,sgarofalo,2024-02-26
e770b5a23f453daf00224252e5291d318743cb15,Francesco Chicchiriccò,2024-02-27
26ab205c6ad6167c6b456c58bc121711ca2a72dd,GitHub,2024-02-28
049209b92610f5aea6c043240a3a91998cfd2b87,sgarofalo,2024-03-01
6c2957dd8201454d19bbd0d9e6c5de26a517746f,GitHub,2024-03-02
e5e4c6c1b05bd99bf5c039580e8940c354d90a4a,GitHub,2024-03-02
bea3415e8e981b74344e771e63af6195a97fc906,GitHub,2024-03-05
dc64548c53aaba8f27b84d72611bd7c00367c775,GitHub,2024-03-05
af0af5a2272ce38c56b0c23a55474d4b4a935912,Francesco Chicchiriccò,2024-03-05
5145c09af48a2f6422c031b0b91e3dcd5fe4cac3,Francesco Chicchiriccò,2024-03-06
cfc59b624af78cb07d10cfec67747bec90f9907c,Francesco Chicchiriccò,2024-03-06
36fdf832a1274aeb7c47fcbec47804b5ec4fe808,Andrea Patricelli,2024-03-07
703e9fc3830c7db2ec6b6afe181c4057614cf8a6,Francesco Chicchiriccò,2024-03-09
aa6ab916ffe15e4da5d02273993d6bb493c05d9c,GitHub,2024-03-11
581d70371491a545ba988582ebac9a6968427726,Francesco Chicchiriccò,2024-03-11
618c0bd4ed07ae96e036fbeaaf6cbf8012843fac,Francesco Chicchiriccò,2024-03-12
53e1abc13c3a5c81cca987877e77f284d0845b78,Francesco Chicchiriccò,2024-03-13
45da018d58f2672e15c7f508df91488b2f431434,Francesco Chicchiriccò,2024-03-13
d956939d235309255c510d105d4cd196850bc368,Francesco Chicchiriccò,2024-03-13
430701c177016c19c98742a78f976ad968a8ddce,Francesco Chicchiriccò,2024-03-14
ad1df8d821f3eb502124d24afb47f9989c3f303d,Francesco Chicchiriccò,2024-03-15
7f2be96ceb3ba0d91df0383bef94c02a0b04124d,Francesco Chicchiriccò,2024-03-18
b05dd1e96641277ce54d645ae2f4217e199f4a23,Francesco Chicchiriccò,2024-03-18
b9f741161bbd43345582da598d0eaeba4efc9288,Francesco Chicchiriccò,2024-03-18
c5ac87d70f738382705f7c24231531a4a8c6d4b2,Francesco Chicchiriccò,2024-03-19
9cf7c048d463ba8dcaec93e91b6c236c2796ebf4,Francesco Chicchiriccò,2024-03-19
f00ad780eab55ea9cfcf6caf9c5a822a73a76a41,Francesco Chicchiriccò,2024-03-20
5f20f0492f4f2a4e2f72854116001a0313aedbca,Francesco Chicchiriccò,2024-03-20
31e7bae0ac90356ff86b58c80bf8555de7b1ae29,Francesco Chicchiriccò,2024-03-21
aa06628445a128e685b5602c812d0444d682d561,Francesco Chicchiriccò,2024-03-21
95e7bdc6a6424f445b828ecb21d11199f86e3a6c,GitHub,2024-03-23
bb5725b09ca7a118327ffb56faa201b461d5a089,GitHub,2024-03-23
8516f6177770eaa2beda0173433a7d559eec9a01,Francesco Chicchiriccò,2024-03-24
2f0c5e96514e8a6cd0a787ad807bd45a73911dc9,Francesco Chicchiriccò,2024-03-27
f0c6d044c7411941f8fc2cbaea438a3da9c35b1b,Marco Di Sabatino Di Diodoro,2024-03-27
d7618ab7369b04098c2bca9318474238d6ec9829,Andrea Patricelli,2024-03-28
54e215c58b18b647c19d42ae69385b5b40f3c9ac,Francesco Chicchiriccò,2024-03-28
510576f70a3eca7f83927ef635c7475c253b8249,GitHub,2024-03-30
2d7957498e924fe2580cafd218c8a44e989f7507,Francesco Chicchiriccò,2024-03-31
46106ce9d898941b42448defe7090a3011b39d41,Francesco Chicchiriccò,2024-03-31
89961be9da5e63efb637a4a51154ea1aa0386f98,Francesco Chicchiriccò,2024-04-03
65343231b46a773013bb73fb1077037d17bc3c62,Francesco Chicchiriccò,2024-04-05
b6fc53e59ecb00572b95e6b2f55719967f37fedc,GitHub,2024-04-06
c198fbc63d842910af31a99a74868597023ac6fc,Francesco Chicchiriccò,2024-04-09
98077ad0504146a882ce3b2f59bbabada72b351c,Francesco Chicchiriccò,2024-04-09
3cd43280f506b737afcaaa5e6e2306908c630e5d,GitHub,2024-04-11
43babaede50938cd217178c0ca62b9662cbe29cb,Francesco Chicchiriccò,2024-04-12
0c32003a60a538d976dcc392aa08c0a2d9aa6831,Francesco Chicchiriccò,2024-04-12
756b5d425b6a87165916584cd514c56463394a4b,GitHub,2024-04-16
2d293965a874fd2e3e7c4cf0e2d82539f398fd3c,Francesco Chicchiriccò,2024-04-17
024fe8fb9a5aa5a49266dd20abe5c487c3c8d539,Francesco Chicchiriccò,2024-04-17
eb1c40c164d59030727cef437e175cdf820c8f90,Francesco Chicchiriccò,2024-04-18
669715aa8a53ef1165b961eebf33eee1eaf8902b,Francesco Chicchiriccò,2024-04-18
6c7bf91ad8deae696c056c1a4a958215085aa681,fabio,2024-04-18
2c9e1b54ac232bc9f86bc0742033b22da192b774,fabio,2024-04-18
55e3390fb03e8dca03a47b7b775149cf7f7e7c79,Francesco Chicchiriccò,2024-04-19
1a87aeff6bc73247b98e0c4c13efbf8502b827da,Francesco Chicchiriccò,2024-04-19
5ef64bc46485d537bbaa81a80caadf1c2f19284a,GitHub,2024-04-20
7ed16b5859fa707f17e6bc37e2cd858617b5793e,GitHub,2024-04-22
36eff2f562cfa1b9621ddbf75ef1609f073d5a9d,GitHub,2024-04-23
b40a70f044f0f487761b5c425d82e1dc1bdc2897,GitHub,2024-04-24
7475ec83dca1b71cbf06ec30a44aacddae5d6ea2,fabio,2024-04-24
f2a269d93ddc898ffd5001b69ba61392e7dd3374,GitHub,2024-04-26
e049e8101451129898c47e86d6225ece77dfd909,Francesco Chicchiriccò,2024-04-26
1d383e352ecced60e7accb0069fc672f5a9a8eee,Francesco Chicchiriccò,2024-04-26
931935a274a67044aed9dde230bd8bdfc4dfe847,GitHub,2024-04-27
6856aa55d178c4ef8636c0f05b7b25c70aae6108,Francesco Chicchiriccò,2024-04-30
a7d16a6437c6a3e670b691f40428cd517657f0a5,GitHub,2024-05-01
c0960827ab3d89cf3f0a69a2a8b307d1fd89f6ae,GitHub,2024-05-02
5f05e827f788efa0be629b9a230e3521a3d05a76,GitHub,2024-05-03
200b1c90dbc2877287682b0fdf8a8c49507aa67d,GitHub,2024-05-04
23f2e24906967955737b2ee0b3c72682d78cff14,Andrea Patricelli,2024-05-06
7a5819cb83183c856fd1a0c74abba99f84800e55,GitHub,2024-05-08
c69e50603297c80f10a3571c5a931ab0e5187b34,Francesco Chicchiriccò,2024-05-09
76ea64eacdecdad18fde4fde1faaac54021da022,Francesco Chicchiriccò,2024-05-09
ef75c68bcc9b8745fb8dd99e8d051391fc9b3e13,GitHub,2024-05-10
e726f05d5017f097c5fe0265ad97319d71584149,GitHub,2024-05-11
1e69d012f0ef768d6ce86a84012aa472298a0636,GitHub,2024-05-14
881db764cb0611238cb943ed5d8ad93a7e419b81,Francesco Chicchiriccò,2024-05-14
b1bc93186f272e64f80b3ea76762b942372d010f,GitHub,2024-05-15
58f9e1ae831a330096ff6eedd07bf7f0c04213dd,Francesco Chicchiriccò,2024-05-15
7f44b6118486f068b90ab119f56a49bd9b05931d,Francesco Chicchiriccò,2024-05-15
5b25c91a8ff4f765118f9048d48546ad76ffe1c6,GitHub,2024-05-16
6bf9da2b45873f360bf91e94d26922e1af825423,GitHub,2024-05-17
1605a4e690d3f12e2db113a26606ddb3f76fecfe,Francesco Chicchiriccò,2024-05-17
865bd843653392c46bf3c0cb8f72234d90b2c8c6,GitHub,2024-05-18
4308c619e3f49302f5257ab85d022e10937ff77f,GitHub,2024-05-18
80b6b7aeaae3c7fae9c87eac052b49a7c82906de,GitHub,2024-05-21
97801c91509bc0e7cb1775c886806d1aaf53c5d8,GitHub,2024-05-22
996d75e69d2eb863a6a8cea5c7053f6b54c3dfb4,Francesco Chicchiriccò,2024-05-23
11d19d36a314218bdc26abdbb6e6ba65e54771a0,Francesco Chicchiriccò,2024-05-23
377df0d16c10a7a746aaca7556fd2220236175e6,GitHub,2024-05-24
43f95134d292fa9f17528348795bd38e90607de0,GitHub,2024-05-25
ef6a3bbc43f69d93c627d8377fa3a05140cdb78e,GitHub,2024-05-30
9eae0a57363e3f34f540ca3bb060666a16b260ec,Francesco Chicchiriccò,2024-05-30
7826737e6bb1e972b5f345a834e190effbd78d8a,Francesco Chicchiriccò,2024-05-30
4cead5f65fac9ebb5becb2a7cdf07a9f40a19fe9,Francesco Chicchiriccò,2024-05-31
b3193deeeb9ecf4c30fae00b29eba0e0d255d0e2,GitHub,2024-06-01
8cc9c700dd97b98f513081640bbbdcb21c192f02,GitHub,2024-06-01
5ce66e17ae93fc792c23f78511dd65663a3cd016,GitHub,2024-06-01
91d38efdd377678af7bd10bfe446a38a95b70a25,GitHub,2024-06-01
6f71447e53ccd19cff2c507568bf22f8097ca37c,Francesco Chicchiriccò,2024-06-03
914e47f958c3b33a66987283eb2dfe8f35a4ac08,GitHub,2024-06-05
f029c01e0237b64ffcb31a8be7de549716e21821,GitHub,2024-06-05
a7c993c3f3f38fdf2bff2e1c827f02aed063ee13,GitHub,2024-06-06
16304cab12a8e647c14e598dfd512a6584975e43,Francesco Chicchiriccò,2024-06-06
2d5dc33926f84a52ab09c1143c23403f5e73dbfd,Francesco Chicchiriccò,2024-06-06
00ca5839242fe6710bc93cbcdd301b75f386f070,GitHub,2024-06-07
ac5786d15bb4a3b3c7e5651a559d30c06eeb61f4,GitHub,2024-06-07
b890fd1762818b3cd8bbfb6e1c4669d010ccc6bb,Francesco Chicchiriccò,2024-06-07
6f62a12fb5f414a5b148363231b78d0e2a58dc56,GitHub,2024-06-08
a9f9d1587dce78556669f5f8574b9c81b4e2d99d,GitHub,2024-06-10
40bc2efa6077cf404a2715968ae7fae04c2caeb0,GitHub,2024-06-11
d81182ad564015f59ffde772fb71e582c44a0eca,GitHub,2024-06-11
45d8c5613df8f7629210c4bfd24e2780a2606c31,Francesco Chicchiriccò,2024-06-11
c2f5b7381127c1285171468e93cc8f59865a7ae6,GitHub,2024-06-12
f8bf2408238b21d5143b12042bf2744c667955be,Francesco Chicchiriccò,2024-06-15
9ac740248e0feac11606b1af873569990d8885d0,Francesco Chicchiriccò,2024-06-16
c482fdfd63510f22e574756505a9efd2a702417c,GitHub,2024-06-18
f4f2bbb61407839b566bc2fbc1e1fb106bc92a9f,Francesco Chicchiriccò,2024-06-20
1c74e06c4e769460e5b8d2f3a281a0f28ef06b10,Francesco Chicchiriccò,2024-06-20
cec85696307932bb4a4e3e3f921c7d5130218b99,GitHub,2024-06-20
d25575b97b4cf9639f0884698d71e41d80ff94fc,GitHub,2024-06-21
e58cbd37cc7ec2f3ab25f9f3860418b381b51320,Francesco Chicchiriccò,2024-06-21
bfabf60f9de21d3f2dcb2a5e13a3b37fbd927085,GitHub,2024-06-22
c24d1e7c9ad3c988c31c101840992890c6d8a386,GitHub,2024-06-25
99777f0b3f935d4518ad8a3b4802cb266f2114e6,GitHub,2024-06-25
eeea5e767696fb01518b4b307b534ff97d6893af,Francesco Chicchiriccò,2024-06-26
fcad0667add4c94816701a9f0566a61a968d7d24,GitHub,2024-06-26
0c620a9eda2c0927875c129ebae66d2ea94f3e6a,Francesco Chicchiriccò,2024-06-26
0de3dc547c41eb7af10ca9d2f4d77990404f6a95,Francesco Chicchiriccò,2024-06-27
1c3a14d900e80fc1dcd73fe28ecdcba9ab6f94c4,Francesco Chicchiriccò,2024-06-28
a7652a6a92dd38fc734afec3fa568cd692d27399,GitHub,2024-06-29
4c6c4981a67084fb941d92b259c3dfe98394f20a,Francesco Chicchiriccò,2024-07-01
542b1a528f537179a1b0d33d6e9526a935c3c296,Francesco Chicchiriccò,2024-07-03
74a257b7e0392f47694f601f90199b5c2201e681,Francesco Chicchiriccò,2024-07-03
49fd6223cd6502be8f1c18a5ee41674072e4b29b,GitHub,2024-07-03
69102875fab544d794f8706dc7a0ffd424913349,Francesco Chicchiriccò,2024-07-03
04515f3f507968fa992f2e3349a9ca4f36752e5d,Francesco Chicchiriccò,2024-07-04
46f48ff2d5a7efd4797296445cb1fa9953d151c6,GitHub,2024-07-05
9586721892f761b2a7b5a73287f16d073a4ab5de,Francesco Chicchiriccò,2024-07-08
a75c59f1dd14c5e10a3f2f9ba3e2603ca98348d2,Francesco Chicchiriccò,2024-07-09
79ed02aeae5b27d767ff1824d68d286c2af68ee9,GitHub,2024-07-10
9e1a23df3e33380321546f8c63903028e90f3cd8,Francesco Chicchiriccò,2024-07-11
fd2d3e0d0b8e95df0b0efcfe9149c5f95151598e,Francesco Chicchiriccò,2024-07-11
745b352c219c36addd1246e6a7741e72ee5fdbed,GitHub,2024-07-12
d5bb35c8e7299d620696f0b002e95b399e154694,Francesco Chicchiriccò,2024-07-12
d5e231680440518f88f2add209dbd915ac1dca13,GitHub,2024-07-12
4cd183cd9403fdbaee320ad93da90ade5e7ea4aa,Francesco Chicchiriccò,2024-07-15
639f293bdb3c9b9cb9ea77a9ce6bb28321e0df0d,Francesco Chicchiriccò,2024-07-16
b69ecb26fe20c7be64ea0949c7b478d97df4e620,Francesco Chicchiriccò,2024-07-16
0dd74948a6297fd374e7451f4e02d658d9c7e786,Francesco Chicchiriccò,2024-07-17
4f58d8df91d0bfcba6316f56733f037bc83febca,Francesco Chicchiriccò,2024-07-17
c5206cb8cd71e1f6362cf770372d2e6dd2f6c38a,Francesco Chicchiriccò,2024-07-18
b1baa7a5cddf58db4d0e00e3cd7fef61a73c55b0,GitHub,2024-07-18
6dbd6a586392ae442d09557e29f070fbf36eb4de,Francesco Chicchiriccò,2024-07-19
add4eb7ca40bc31c26b7e32b7a24e616769d932d,Francesco Chicchiriccò,2024-07-19
1ea07bf42f1392ee0e7821b9f16cfdd687534f7b,Francesco Chicchiriccò,2024-07-22
bee8dbbe90acd0355febc29c1e29f4c392a0db8d,Francesco Chicchiriccò,2024-07-23
38e1e234806a57bcf61abc3576c95ec1663a8ae6,Francesco Chicchiriccò,2024-07-24
9d363e1848c2541a1ffdef4efa2806f0187dba74,GitHub,2024-07-26
0fc58b9e80d36b7f8ad7e6cea9d90ac08e424165,GitHub,2024-07-26
22bec38ff1dabf98a7cb7142953069db3a5d09e9,Francesco Chicchiriccò,2024-07-29
3d595b642d82c17ee44de499d73bab0da6a86a1a,GitHub,2024-07-29
3267a1b36e7ac6f1b592c771db3e881cb0c2c01c,Andrea Patricelli,2024-07-31
318db330a7b5bd1359bfcba9280549d84684087f,Andrea Patricelli,2024-08-06
5f9145141888e6bbe725e9b037320091dff4075d,Francesco Chicchiriccò,2024-08-09
8f28a9ef2c9362df2ea0fc337575b23987d901ce,GitHub,2024-08-10
60b936264338cbc34c0a5ec1a22ad248afabd609,Francesco Chicchiriccò,2024-08-14
7e39dd3c80609f43154fbf4b060cfec65fd21ee1,Francesco Chicchiriccò,2024-08-16
ebe866ca3b2d884d0af8fbec0fa01df97b7a57f9,Francesco Chicchiriccò,2024-08-19
6717686aa0b52d4820551741c52f18b8dee1c2e8,Francesco Chicchiriccò,2024-08-19
19d25df30242f8e313b6c950f73bb7dd0bf8fc57,Francesco Chicchiriccò,2024-08-20
f80d3f6cfbd71acb03ece0f7601f660ee0be7e74,Francesco Chicchiriccò,2024-08-21
50e90926aa88787ec4bb072b703f9c4744410ab2,Francesco Chicchiriccò,2024-08-23
70297df48af08e42aef141b4623d3ac7704918d3,Francesco Chicchiriccò,2024-08-24
81830f108c8491a19703eb146c0ac727a2fa7678,GitHub,2024-08-27
bf67f69b9263beaeaa3f9f9e66b3dc40d4d78460,Francesco Chicchiriccò,2024-08-28
1229ce2905bf8071e928d4a68f5c2a6356273f51,Francesco Chicchiriccò,2024-08-29
73eed805e0a1a20a3ece9c5f0e77b8edac4cf1d7,Francesco Chicchiriccò,2024-08-29
b745925a5bd0935b9ed0cd1d3605ae49ce8e7192,Francesco Chicchiriccò,2024-09-07
04280cba70928ee2af0d8e41ac0ada5b7271ab71,Francesco Chicchiriccò,2024-09-07
a024842171ffaeacabca7b0478d3a1925fe466fb,GitHub,2024-09-11
70132a7339ffc10dd6a5bc19a1ddee8f23d35d28,Francesco Chicchiriccò,2024-09-11
ca9f1cf7b456d75546a47db9abb432fcab57c838,Francesco Chicchiriccò,2024-09-11
4d9620d8078d00c1c089766d8d2666fd4b9b2ed1,Francesco Chicchiriccò,2024-09-13
c4f2a8b0f359a1cdc354cb06f2dfa92509245fee,GitHub,2024-09-13
3cbd2b18aa5e27692476f33a1503e86d9753a5bf,GitHub,2024-09-14
5ee2033388eeaa71ee41b281def36b91b1efb017,GitHub,2024-09-17
9ca7e27aa5e16e62c09d8f9d5d5ace3e7808f594,Francesco Chicchiriccò,2024-09-17
5394b92323ba8c24acf0d84ad3ad93a5be1a830f,GitHub,2024-09-18
9851b0ed29a4ed210dbc51d2deeb174cb0c0093c,Francesco Chicchiriccò,2024-09-18
44dec4aa33c944a788250a1e9d392c5c3b7a31dd,Francesco Chicchiriccò,2024-09-19
243e3c613f333c153e1d29fe663bdf44de28db26,Francesco Chicchiriccò,2024-09-23
9eceec2dd3dd09034f7119babfe0e8d000d03c0c,GitHub,2024-09-24
905f604d2a1837ea7e2cb2341956c01898151838,Francesco Chicchiriccò,2024-09-24
3c6f5d94d69be79008f1c172903d286321888e87,GitHub,2024-09-25
fb388c5bf3c895e4c2839c59cf2308533a5abd79,Francesco Chicchiriccò,2024-09-26
cc46249b2f6eb008891961e0381fa13d92623ce2,Francesco Chicchiriccò,2024-09-27
a2b61e8eecfa27ed7171f6be43cd2065aee05ad5,Francesco Chicchiriccò,2024-09-28
2c0f1a3f1f1d70312f5a4d5c651c11aa389849ec,GitHub,2024-10-01
43673e8abf001c96afa5fddc965104a5c8828485,Francesco Chicchiriccò,2024-10-02
258170ad53bf14dd5522a547153106ea33de9ff8,Francesco Chicchiriccò,2024-10-02
e41b08d4a77cf28cb7391809f74149d95095926e,GitHub,2024-10-03
b9e6d95f368332625e7d526c228eb72a7d5872bc,Francesco Chicchiriccò,2024-10-04
5d1f4cf9f780a57a368288ef7026979a3430f604,Francesco Chicchiriccò,2024-10-04
107d840819494aa81fdaa0979952789e36038974,Francesco Chicchiriccò,2024-10-07
c511f43d55f355b0fbb0dae135aae6981894e1cd,Francesco Chicchiriccò,2024-10-07
d7969b1a68dc118a040ebebe4c58189f6a894aca,Francesco Chicchiriccò,2024-10-07
eb556cb30f35d0829466244be54362b3bbe86782,Francesco Chicchiriccò,2024-10-09
0626dc2f71123fb242ee3fbdac211fbe2b00fef1,Francesco Chicchiriccò,2024-10-09
856bfe3e49c1159c7783d099f1df986c7c8ad720,Francesco Chicchiriccò,2024-10-10
801da3c898cea5215ed12895f2ff9a62d6fc42b4,Francesco Chicchiriccò,2024-10-10
88f8ace04287abac84c42dc3ad53ebe587f37401,Francesco Chicchiriccò,2024-10-14
37b7c88f8b74bb89851daca560bc15be91577edd,Francesco Chicchiriccò,2024-10-15
d5e3caab952ce2a70c4b35e3ef1f2c865ece8f6d,Francesco Chicchiriccò,2024-10-15
a958faa8217ed458c021f6d8d125de83e6145733,GitHub,2024-10-15
8888e347cfd9d213a289e5782a848f3cbdc5fb0a,GitHub,2024-10-16
def797bf53a927566def68eecdb69ebee03cdf20,Francesco Chicchiriccò,2024-10-17
3fe21e0c44c95db06e19c079f2f2f94f3269fb01,GitHub,2024-10-18
03021223bfd201408bb6ffc7f722435f2d8812c8,Francesco Chicchiriccò,2024-10-18
efa3a606ea3281b8132121193434c2001f0f1b22,Francesco Chicchiriccò,2024-10-20
263116aa5c0d50e416ff7be4ebeaa5abc11144f2,Francesco Chicchiriccò,2024-10-21
77fb2e612d69f1c4b920e96f192921f34a99a6bd,Francesco Chicchiriccò,2024-10-21
60c6d32e052381ac63ba6c181410b15a5f3b74ad,Francesco Chicchiriccò,2024-10-21
0af669a46eafe7969ea01d076d0e6c3b61990e7e,Francesco Chicchiriccò,2024-10-22
bc401794c072acea3d6a3b9108e3d55eff7f60db,Francesco Chicchiriccò,2024-10-23
30f872f9a4bd8b5d2b655a26eb7900d8c1deb54d,GitHub,2024-10-23
06e1477daa1ee470ff92e6832e1789e673a31121,Francesco Chicchiriccò,2024-10-23
e051088bc5dcfd559cdaa0fa1a9610d5f2e4994a,Francesco Chicchiriccò,2024-10-24
9bf6089f4c57b953c4c531fe82a5b06627ac74b3,Francesco Chicchiriccò,2024-10-25
938f006cca6ea0a87af308903b9fc2b76b009916,GitHub,2024-10-25
3d7cf266d14c4cb71b3c1277ab8cac4c81ed680f,Francesco Chicchiriccò,2024-10-26
5b1b8b168ab111de41a9f951332c058eaa477348,Francesco Chicchiriccò,2024-10-29
3bf24789653d899d74c5cc33d1934ccf67720bdd,GitHub,2024-10-31
556f806e58c0e31b8b442c82d46b10d36b64cc56,Francesco Chicchiriccò,2024-10-31
82e1252b32b68e30cec8d2e88dc0b8bb283670fe,Francesco Chicchiriccò,2024-10-31
9988142a30c2d1e4f53955b8495d1ddceb18a9f0,GitHub,2024-11-01
8e0c6f709492311d8299bf9b61fa6b709b66d6d8,Francesco Chicchiriccò,2024-11-01
fcb8349582452196d6dc5ad281393b40617ce683,Francesco Chicchiriccò,2024-11-02
0aae1d93229f46a5f28d7222adf1d083d969108e,Francesco Chicchiriccò,2024-11-04
e5e69dba99bf87d68e897c5af38636faf5cb11de,sgarofalo,2024-11-04
6a5ed6a9fd63805d36b852e13deb45d72a6c6331,Francesco Chicchiriccò,2024-11-05
ff8cb4a31fc31f6c54f16141d0dffc83356cce4b,Francesco Chicchiriccò,2024-11-05
9e1376ed2b23c6331b2de93bdeb8a64ce51e4826,Francesco Chicchiriccò,2024-11-05
4eac9a5a54a5193cf8be065fbeca4cd42f6bc5f0,Francesco Chicchiriccò,2024-11-05
b9bafbd503d37c2089efe1d73fddd781e3e1141a,GitHub,2024-11-06
406fb912f96786573494965caa09742ceb719c2c,sgarofalo,2024-11-06
37541fca2c224f97d9f3cbae7398e137efa68b7c,Francesco Chicchiriccò,2024-11-07
86b41829e4a33f0068138014fa6f44394c06a396,Francesco Chicchiriccò,2024-11-07
3d137e877b9713fbe54cc131c2ae78d17fd771aa,Francesco Chicchiriccò,2024-11-08
6fceb2a7a7517ffb2e061ec196b0b1c9d69b0cac,Francesco Chicchiriccò,2024-11-09
9a1d9441b9754a122e32192e07fa384e7d297daf,Francesco Chicchiriccò,2024-11-12
c488ee2a5a8fe33c7d3026eded512147e6d510b1,Francesco Chicchiriccò,2024-11-13
538aea95ae245ed7b96ca9ae3afdc83b1518f1f7,Francesco Chicchiriccò,2024-11-14
c00465084db463218b8da440d0709f1118ca73de,Francesco Chicchiriccò,2024-11-14
194fb1ca137dce9da681e8fe0f764133ace765e2,Francesco Chicchiriccò,2024-11-14
6287e738c2aa9c3625a101722928f6e8818ab294,Francesco Chicchiriccò,2024-11-15
780c13533b9e604c2f5422f7b4a366889d1a7499,Francesco Chicchiriccò,2024-11-15
60baa21868050fba9e01d79489e0ef937b118529,Francesco Chicchiriccò,2024-11-15
de69412114416641a9f5cf5b6dd44113fcf9bca3,Francesco Chicchiriccò,2024-11-15
a8d5c06ecab47ea360892d4bcac2d9b1ebfdb9a3,Francesco Chicchiriccò,2024-11-18
7560d5cf5ebd1bd1cb13739b65d4e6a69d637c6c,Francesco Chicchiriccò,2024-11-19
7d80f03187034d10de1f1725c755f3b711ffbcd9,GitHub,2024-11-20
1a9eccf311e445e40543d59d5a40006a71adebe2,Francesco Chicchiriccò,2024-11-20
500c03047a778c5d619615d8323231f767706121,Francesco Chicchiriccò,2024-11-21
a2e917a2efdc7bae4cc9ab3662c9cb7aec485cd1,Francesco Chicchiriccò,2024-11-21
7a3df02a72d0e38d427e8fc1fede896f9eaaea6d,GitHub,2024-11-22
60210bde365f901f96ef26d287c4e79c1a1a7c7e,GitHub,2024-11-23
d0d4fd608079ba95712793eb183ffda6980caee4,Francesco Chicchiriccò,2024-11-26
54b2752b42947f92eed7c8926957c770da7dd917,GitHub,2024-11-26
d62fd6de9998bedde57eeb5fa5bce4e016b0d4af,Francesco Chicchiriccò,2024-11-27
94918b49498e028b41610855e9204e019660dc13,GitHub,2024-11-27
f52659672aff3415a6161ce5b72e1c0ad0753b8a,GitHub,2024-11-28
293404204392230d6beffc350937b3fc78bf0021,GitHub,2024-11-29
e51b14a09f68b3ea1c833818c5766a9c09f8a774,GitHub,2024-11-29
5a677734d05bd96ae929ab7b1673b0ffdda12f11,Francesco Chicchiriccò,2024-12-02
4e02c644362ef8c6d1feaecfaef381299954dcab,Francesco Chicchiriccò,2024-12-03
6c2a994f36caa50f76d5038bf8ea5949d279f881,Andrea Patricelli,2024-12-05
a344cf2f1da4c7eac8aa197a7824861dfa0aaf55,Francesco Chicchiriccò,2024-12-06
f26612fc22105a9aeb010c2963e1231d3dbc1b9e,Francesco Chicchiriccò,2024-12-07
0d0eef6860ebdd1914d51e17767fe74b4fe54a01,GitHub,2024-12-08
8ece6b8e7daf4526c8cc7a4f14e5a4fa215430c3,Francesco Chicchiriccò,2024-12-10
ddb618f746b7ffcbb7412848bdd9fadd59d1a0c4,Francesco Chicchiriccò,2024-12-10
94ba6a1f18c6a0c886ea79a2cf888897b9d45225,Francesco Chicchiriccò,2024-12-10
e6a595da22786a3c86048cebf12c1c08851b81e9,Francesco Chicchiriccò,2024-12-12
bbdd277a8cca8d04548ea0ca92a662d7c4628bab,GitHub,2024-12-13
4b1484baa9f9f0948418803d1dc85ace91304b7f,Francesco Chicchiriccò,2024-12-14
777a77730edec79072a475b3f4277eafca84b0b5,Francesco Chicchiriccò,2024-12-17
ae433bab3ff345e486f67cadf82caca6c0dba662,Francesco Chicchiriccò,2024-12-17
0ce9a6f53c40697759c2fc6f9ef2b54094633458,sgarofalo,2024-12-17
00f846ec376d4376331a6f8270d49d163f7bad55,Francesco Chicchiriccò,2024-12-17
08cb849fe8e5dda45198a8df838b5faa25811ccc,Francesco Chicchiriccò,2024-12-18
9adb2354f3c6bb115dc4f6d93259a2218ae9540d,Francesco Chicchiriccò,2024-12-19
a634bf03d80c34a83bc8a91908c3045a1110c5de,Francesco Chicchiriccò,2024-12-19
3a7ce47b2519ddf267d5be37c7d3405aa145cdf2,Francesco Chicchiriccò,2024-12-22
36fdaa6b2e86a9f5643aeb118a390aaebc620728,GitHub,2024-12-23
8736b94959d7d762419c20495d404cc237e7f64b,Francesco Chicchiriccò,2024-12-24
79c1abbd8ccdd7aa1acbfc3faca71dca12f856ab,Francesco Chicchiriccò,2024-12-24
295cdaaafb776d9f36704bb7a413324dbe8a5220,Francesco Chicchiriccò,2024-12-24
3e7e6989b2a8ae5508af0eac857b8eafe12117f2,Francesco Chicchiriccò,2024-12-27
6ed87ac1e57dc6e1a92c498a2371fd7fa20a2ea8,Francesco Chicchiriccò,2024-12-27
f00b74c7df98c373606923a36a97439970143a79,Francesco Chicchiriccò,2024-12-27
76574dc3eb21831a1eeab7253a3d35fbd552fd60,Francesco Chicchiriccò,2024-12-27
83b046aed7cb385596e2b47844cc8e4b7c7dcaba,Francesco Chicchiriccò,2024-12-27
5ca35d1637a9a29cc3e3465d1c0bb19887204004,Francesco Chicchiriccò,2024-12-27
5479e3bf29648679a025ecb8e964a90c6f8d880e,Francesco Chicchiriccò,2024-12-27
a1a10ebdc33ce8fcc35498890b3ec1f55eca0dcf,Francesco Chicchiriccò,2024-12-30
e7581ca02decc9c730fd4d67f211eb3015e20287,Francesco Chicchiriccò,2024-12-30
167c1e756c2435bdaacac7e127e7cb40aa76cfd4,Francesco Chicchiriccò,2024-12-30
b05f5706b6e18f95f7857bbb4090735fa66fd81e,Francesco Chicchiriccò,2024-12-31
6c851cfffd810067f65f00b6a41638de86a84362,Francesco Chicchiriccò,2024-12-31
617b06951f848b39d31a125db2a12400ad8912e4,GitHub,2025-01-01
02f9e326b58f5c9e638453c6c6ad5317f9624d77,GitHub,2025-01-02
db0703a2bcec32cfc43a3a681b0e41e425a5e57e,Francesco Chicchiriccò,2025-01-03
2d35a9905cad547606f973d725572d56a3bef0df,Francesco Chicchiriccò,2025-01-03
da914df3285f2f7c9c96fa5a02e6f87618869c22,GitHub,2025-01-04
ab0e7d0ea222bf17eeb20bc9f046b64fbdfa42ac,GitHub,2025-01-08
20014a4f94cc11ab20fc9015803c6a0be266913a,Francesco Chicchiriccò,2025-01-10
163977b8cf5c6e1521003f2099fa838379681f69,GitHub,2025-01-14
fb1f7fec76ffc2781f10807fbadfb267a7a2cf50,Francesco Chicchiriccò,2025-01-15
7216fe8e29b7ce41b099c1216437349471906809,Francesco Chicchiriccò,2025-01-16
b9d69b954dcc56319f0e3bd774d9a26d969f71af,GitHub,2025-01-17
16efca5d2252669080e17280508c386e2609fe84,GitHub,2025-01-17
4607be440c1960dad77f23f1ac003b8b4d735254,Francesco Chicchiriccò,2025-01-21
4b13569785933e6ab0e795ac2931374c4fd1e398,GitHub,2025-01-21
d2760f41e0f7fd995d6808bac051dfdc7332351e,Francesco Chicchiriccò,2025-01-22
e4ce8ef175f337c6bb3c647f1991f86ede23b8d5,Francesco Chicchiriccò,2025-01-23
061c94e4e2d4c57226f3c6bff8a3a75744ddbae6,GitHub,2025-01-23
856ba645b658eb03b85f3d9a40b6d6a0cc5ca613,Francesco Chicchiriccò,2025-01-23
9c855d67d76c67a25b5124b810fd0070fe9405db,Francesco Chicchiriccò,2025-01-24
b444b02474ef0bef7d05f1114038dd6b785bc792,Francesco Chicchiriccò,2025-01-24
b5d2b809bae07e7a6966ab22dd294afae0345a58,Francesco Chicchiriccò,2025-01-24
65135b2e325cb91ae98cd44652c6895d0aa5e684,Francesco Chicchiriccò,2025-01-24
bc2e4f5a1b2b6ead618dffd0d011d668c7fa1059,Francesco Chicchiriccò,2025-01-27
0398acc977feb4b0e0b022966513310a8f909769,GitHub,2025-01-28
386a1f0788b8820e5d6aa37d5836b1bee611958e,GitHub,2025-01-29
1d3108472cb4e61405f7a77eb4c5ae30575f19e5,Francesco Chicchiriccò,2025-01-29
be70cca7179b494faab8d398d621abbb351abd21,Francesco Chicchiriccò,2025-01-31
d3fed9e9eb4e4a50aa2f82133e6dabc7017598f7,Francesco Chicchiriccò,2025-01-31
18965b4732773593fe77102799b4609028db3cf5,Francesco Chicchiriccò,2025-02-01
3daca7b0a378af7c0ce37d10de84ab43764d9f3b,Francesco Chicchiriccò,2025-02-01
20d622c7572cd697670422f2d98639bf4b88daca,Francesco Chicchiriccò,2025-02-01
50c502503bcd08f9d1045d28a9c849b76fd86284,Francesco Chicchiriccò,2025-02-01
38def2a8d7e8e40abf5f7787dbfa7e12ee59635d,Francesco Chicchiriccò,2025-02-03
a093ebef5d35917141eb439a944a4a0b18f7e9d4,Francesco Chicchiriccò,2025-02-04
904eb98ec96cb173dcbbddcf791dff319f1cf2b3,Francesco Chicchiriccò,2025-02-05
66de2edf18576a051abeef34cf65ea96821c5059,GitHub,2025-02-05
c0cfc09be01f96551b60fa64149f8ab01fdb3eb7,Marco Di Sabatino Di Diodoro,2025-02-06
503b9ce72be0a121756a2104743c8437cc7dc54c,GitHub,2025-02-13
73ac574b64600eb2745528578ec1d4d945265226,GitHub,2025-02-14
1894145a8aa72c711c8b33fef70328f84d97707b,GitHub,2025-02-15
d950c11c51bf54bf029336553a7b909b1c3819f9,Francesco Chicchiriccò,2025-02-19
155269ae1acaec2194e5b42982ed54c4d82b7bb6,Francesco Chicchiriccò,2025-02-20
af7dab21b55ceaee6b716a2beebf478ff8b119b5,Francesco Chicchiriccò,2025-02-21
2a63c154616b7a8b96af1a046c48de6a1978b33e,Francesco Chicchiriccò,2025-02-21
547e05e7e49aad8634459bba9bd28f0b618fadc9,Francesco Chicchiriccò,2025-02-21
f0b79d297628657e6b0f55c871ecec96338e6513,Francesco Chicchiriccò,2025-02-21
0b6d2a08789f082ec2697cfb4ad3062eb9b176c0,Francesco Chicchiriccò,2025-02-21
1109e840ea47499cf12a21bb2b6a9f0dfbfce5c0,Francesco Chicchiriccò,2025-02-26
1ff39f51e1642d7e6aa302e706d85148d2daa193,Francesco Chicchiriccò,2025-02-27
5752bb5d9bbd1f9015d677b17320851e558cc46b,Francesco Chicchiriccò,2025-03-01
642e8c2849579de619455482176d49ff2080ddd5,GitHub,2025-03-04
a6f8e69c8961ebc89c8c0e00a73ee024fc055c80,GitHub,2025-03-04
42facabafbd3181e61f4c67a6a70b67daf4c1b54,GitHub,2025-03-04
6da52cc8d6434dc14370ce5c0ea14b72bda0dd43,GitHub,2025-03-04
ab5bd7341b71e63b8f02cf46f249f4536229def2,GitHub,2025-03-04
c727d69405f64f8a1962c10b9b07336ac9f5c116,Francesco Chicchiriccò,2025-03-05
7830f1760e6a4197427da748007eb19f30ac0cc7,GitHub,2025-03-05
0abb763f34998b26d315460726e28fbae7811f5f,GitHub,2025-03-05
27a4a6291b199f74954d301585c6a98fc7cfd7af,GitHub,2025-03-05
4d3c90e50533b7ce3151839566ff7a39d177d81b,GitHub,2025-03-05
9ead51533773ca157be03dc7467ecadcc61038dd,GitHub,2025-03-05
8506da6ed18c50bcc801634b092c995a04be5bd8,GitHub,2025-03-05
3539bc90b4535fbdf4b13f32575708c6df57f53c,GitHub,2025-03-05
5c6c102cc00485bdc14060c9abb69430c2f2b904,GitHub,2025-03-06
0cca6b8c5f06cba7cd3d99223b20212afb597ad2,GitHub,2025-03-06
2064d9ebb3a7d3a08a7265772aaa595237209644,GitHub,2025-03-06
c5265d4a258451afda756c8a20730947e4a6f28d,GitHub,2025-03-06
ecdfc49f35ee97516dd9a11be718645924902023,Francesco Chicchiriccò,2025-03-07
4b14c65879cc81aaabcab4b02e2d4356a4a9e987,GitHub,2025-03-07
71f276f59e6f53b358a2fba5cc890740d14e6531,GitHub,2025-03-07
8aa36e832b73b90b47d5885595ee050a2b377f1b,GitHub,2025-03-07
01dc02e69345c1eb8bec7a61b8b9eb5945d64737,Francesco Chicchiriccò,2025-03-07
c3774970abc61ea9a88bf578b6cdc9fb0c0acece,Francesco Chicchiriccò,2025-03-07
0220bf2b852773195f1a0ae6df6906867a83ab31,GitHub,2025-03-07
909c95dffb7a52e97e2e274b14a6c690d5c5d72b,Francesco Chicchiriccò,2025-03-07
e8915a73a832a5d52edaf27ad8d1c4aa6873bb6c,Francesco Chicchiriccò,2025-03-07
d258dadaafbcc46b7ac644b007cc9b84b74d8f43,Francesco Chicchiriccò,2025-03-07
6787aaa846866651dc708447a82ac54391649239,Francesco Chicchiriccò,2025-03-07
e84640aa088d4f57baab904375945899ca42f214,Francesco Chicchiriccò,2025-03-07
166a5044c60363ee71b26d53abfac7c2285e0209,Francesco Chicchiriccò,2025-03-07
5e648a05e731948b6ed97dc79665577ba92aba60,Francesco Chicchiriccò,2025-03-08
c5fec718cfde7eb0d744513215e156e28c3abcc1,Francesco Chicchiriccò,2025-03-10
7f62f333bd947bcf5337bd7d17ef371d31616fd8,GitHub,2025-03-11
284c17df3df1593b2947679d63e84a0f5a4cc138,GitHub,2025-03-12
244f093b8ed56402e8d2f715de2488b3580daa97,Andrea Patricelli,2025-03-14
d5d066a5f4de95fb4b25d21bb622adb801459f0a,Francesco Chicchiriccò,2025-03-18
0ef92f0329ef185ddac8b82cf5a3c3b43579ec0b,Francesco Chicchiriccò,2025-03-18
c522f0f4174f50ad4ff15f22d20bd16b99d5cc45,Francesco Chicchiriccò,2025-03-18
1da426666c1d47858ec373bbb8eb7d478378fde5,GitHub,2025-03-18
892ca8bc935fc1555c971a7bf27dd451d2c30a6b,GitHub,2025-03-18
599e251c8b0384a89775788f76699f1e095c29ae,GitHub,2025-03-19
c048ac4bb408fe66508f8027c9c5b6f75611887c,GitHub,2025-03-20
10572cb7679100da53829c930a8307ee66b31393,Francesco Chicchiriccò,2025-03-21
b5dcfddfaeb3fdabb6fceb6680218f95db4aa3c7,Francesco Chicchiriccò,2025-03-21
392460edabf3618244578e9f8ad07400c75cc34e,Francesco Chicchiriccò,2025-03-21
31c96db74ce302caaa2aa86c585619675c10686c,Francesco Chicchiriccò,2025-03-21
e1f259be9e5f8e28a5f46b5b5adf173b0b67110c,Francesco Chicchiriccò,2025-03-25
f6c1db4f068759c8283674a25cb7a140c04d0563,Francesco Chicchiriccò,2025-03-25
640be7868fe547fb9ab2dedec062402aabd1fcef,Francesco Chicchiriccò,2025-03-27
